       nxm        nym          u          v         uu         vv         ww         uv
         5         32     182.74     99.999     256.36     70.485     75.397     99.789
         4         32     251.78     100.02     133.05     100.43     99.723     99.936
         3         32      302.6     99.981     222.45     175.67     158.17     99.838
         3         16     120.54     99.971     113.86     147.97     136.59     99.936
       nxm        nym          u          v         uu         vv         ww         uv
         5         32     182.74     99.999     256.36     70.485     75.397     99.789
         4         32     251.78     100.02     133.05     100.43     99.723     99.936
         3         32      302.6     99.981     222.45     175.67     158.17     99.838
         3         16     120.54     99.971     113.86     147.97     136.59     99.936
       nxm        nym          u          v         uu         vv         ww         uv
         5         32     1.9864     22.453     7.5336     3.4694     7.8761     7.6215
         4         32      2.097     26.325      5.935     7.3592     5.5645     11.133
         3         32     4.8851     38.785     24.784     21.727     18.198     21.977
         3         16     4.6116      46.76     37.856     34.683     27.218     22.715
         u          v         uu         vv         ww         uv
    4.8126     30.124     16.902     20.947     12.942     11.151
       nym          u          v         uu         vv         ww         uv
        32     5.0533     48.927     19.383     14.988     15.387     19.721
        64     6.1459     41.453     25.764     21.983     18.586     11.205
