Compiling model...
Building feed-forward neural network...
'build' took 0.091917 s

xs  [357.95782   26.487951]
ys  [2.02811193 0.00681508 0.00541199 0.03044396 0.00389708 0.00494173]
xid, yid  0 0
xid, yid  1 0
xid, yid  0 1
xid, yid  1 1
xid, yid  0 2
xid, yid  1 2
xid, yid  0 3
xid, yid  1 3
xid, yid  0 4
xid, yid  1 4
xid, yid  0 5
xid, yid  1 5
12
'compile' took 8.286668 s

Initializing variables...
Training model...

Step      Train loss                                                                                                                                                                                                  Test loss                                                                                                                                                                                                   Test metric
0         [1.32e-09, 3.30e-05, 7.21e-08, 1.80e-01, 5.71e+01, 1.48e+00, 2.62e+01, 1.12e+00, 4.08e+00, 8.52e+00, 2.44e-01, 3.55e-01, 6.83e+00, 7.10e+00, 2.86e+01, 8.79e+00, 1.31e+01, 1.42e+01, 1.33e+01, 7.49e+00]    [1.17e-09, 2.79e-05, 5.89e-08, 1.80e-01, 5.71e+01, 1.48e+00, 2.62e+01, 1.12e+00, 4.08e+00, 8.52e+00, 2.44e-01, 3.55e-01, 6.83e+00, 7.10e+00, 2.86e+01, 8.79e+00, 1.31e+01, 1.42e+01, 1.33e+01, 7.49e+00]    []  
1000      [1.07e-07, 5.13e-05, 3.93e-08, 3.45e-03, 9.31e-04, 1.86e-03, 8.82e-02, 2.35e-01, 2.86e-03, 1.16e-03, 5.74e-03, 3.10e-03, 4.28e-03, 2.95e-03, 1.49e-02, 3.18e-02, 5.21e-02, 1.98e-01, 4.38e-02, 6.15e-02]    [1.80e-09, 4.04e-05, 1.61e-08, 3.45e-03, 9.31e-04, 1.86e-03, 8.82e-02, 2.35e-01, 2.86e-03, 1.16e-03, 5.74e-03, 3.10e-03, 4.28e-03, 2.95e-03, 1.49e-02, 3.18e-02, 5.21e-02, 1.98e-01, 4.38e-02, 6.15e-02]    []  
2000      [2.75e-07, 1.57e-04, 1.09e-08, 3.80e-03, 3.32e-04, 9.38e-05, 8.73e-02, 2.28e-01, 8.78e-03, 9.99e-05, 6.27e-03, 5.92e-04, 1.85e-03, 5.67e-04, 4.33e-03, 1.42e-02, 2.59e-02, 4.33e-02, 1.73e-02, 2.53e-02]    [2.32e-09, 1.13e-05, 7.38e-09, 3.80e-03, 3.32e-04, 9.38e-05, 8.73e-02, 2.28e-01, 8.78e-03, 9.99e-05, 6.27e-03, 5.92e-04, 1.85e-03, 5.67e-04, 4.33e-03, 1.42e-02, 2.59e-02, 4.33e-02, 1.73e-02, 2.53e-02]    []  
3000      [4.49e-07, 2.43e-05, 7.35e-09, 3.48e-04, 5.74e-05, 1.77e-05, 8.55e-02, 2.00e-01, 1.92e-03, 1.54e-04, 2.86e-04, 4.99e-04, 5.72e-04, 3.61e-04, 2.70e-03, 1.25e-02, 1.88e-02, 1.37e-02, 1.04e-02, 8.91e-03]    [3.12e-09, 1.75e-05, 5.43e-09, 3.48e-04, 5.74e-05, 1.77e-05, 8.55e-02, 2.00e-01, 1.92e-03, 1.54e-04, 2.86e-04, 4.99e-04, 5.72e-04, 3.61e-04, 2.70e-03, 1.25e-02, 1.88e-02, 1.37e-02, 1.04e-02, 8.91e-03]    []  
Epoch 3000: train loss improved from inf to 3.57e-01, saving model to 2_6_30000_50_100.0___800_2_64_4.0_0.5/0.001_8_20_tanh.ckpt-3000.ckpt ...

4000      [5.77e-07, 3.90e-05, 6.75e-09, 2.08e-04, 3.03e-06, 1.55e-05, 8.46e-02, 1.86e-01, 1.02e-03, 2.08e-04, 1.21e-04, 9.01e-04, 3.99e-04, 5.64e-04, 1.90e-03, 1.15e-02, 1.80e-02, 7.18e-03, 8.10e-03, 5.17e-03]    [4.52e-09, 1.94e-05, 4.52e-09, 2.08e-04, 3.03e-06, 1.55e-05, 8.46e-02, 1.86e-01, 1.02e-03, 2.08e-04, 1.21e-04, 9.01e-04, 3.99e-04, 5.64e-04, 1.90e-03, 1.15e-02, 1.80e-02, 7.18e-03, 8.10e-03, 5.17e-03]    []  
5000      [6.46e-07, 1.35e-04, 5.72e-09, 1.43e-04, 1.37e-05, 1.94e-05, 8.41e-02, 1.65e-01, 5.25e-04, 1.54e-04, 1.20e-04, 6.13e-04, 2.44e-04, 3.51e-04, 1.68e-03, 1.04e-02, 2.13e-02, 5.68e-03, 7.12e-03, 4.38e-03]    [5.45e-09, 1.99e-05, 4.37e-09, 1.43e-04, 1.37e-05, 1.94e-05, 8.41e-02, 1.65e-01, 5.25e-04, 1.54e-04, 1.20e-04, 6.13e-04, 2.44e-04, 3.51e-04, 1.68e-03, 1.04e-02, 2.13e-02, 5.68e-03, 7.12e-03, 4.38e-03]    []  
6000      [5.95e-07, 2.12e-04, 5.79e-09, 6.13e-04, 1.71e-05, 4.50e-05, 8.28e-02, 1.69e-01, 7.24e-03, 1.04e-04, 6.14e-04, 7.59e-04, 1.80e-04, 5.21e-04, 2.07e-03, 1.10e-02, 2.14e-02, 6.41e-03, 6.43e-03, 4.21e-03]    [6.61e-09, 2.30e-05, 4.48e-09, 6.13e-04, 1.71e-05, 4.50e-05, 8.28e-02, 1.69e-01, 7.24e-03, 1.04e-04, 6.14e-04, 7.59e-04, 1.80e-04, 5.21e-04, 2.07e-03, 1.10e-02, 2.14e-02, 6.41e-03, 6.43e-03, 4.21e-03]    []  
Epoch 6000: train loss improved from 3.57e-01 to 3.02e-01, saving model to 2_6_30000_50_100.0___800_2_64_4.0_0.5/0.001_8_20_tanh.ckpt-6000.ckpt ...

7000      [7.45e-07, 2.27e-04, 6.07e-09, 2.39e-04, 3.22e-05, 1.76e-05, 8.12e-02, 1.49e-01, 1.09e-03, 6.39e-05, 9.84e-05, 5.23e-04, 6.45e-05, 3.45e-04, 1.49e-03, 9.11e-03, 2.38e-02, 4.12e-03, 6.00e-03, 3.11e-03]    [4.54e-09, 2.62e-05, 4.54e-09, 2.39e-04, 3.22e-05, 1.76e-05, 8.12e-02, 1.49e-01, 1.09e-03, 6.39e-05, 9.84e-05, 5.23e-04, 6.45e-05, 3.45e-04, 1.49e-03, 9.11e-03, 2.38e-02, 4.12e-03, 6.00e-03, 3.11e-03]    []  
8000      [7.37e-07, 1.83e-04, 6.38e-09, 4.24e-04, 6.57e-05, 2.36e-05, 7.84e-02, 1.54e-01, 2.77e-03, 4.14e-05, 2.19e-04, 4.82e-04, 5.53e-05, 3.35e-04, 1.50e-03, 9.13e-03, 2.30e-02, 3.69e-03, 5.28e-03, 2.47e-03]    [3.24e-09, 2.98e-05, 4.68e-09, 4.24e-04, 6.57e-05, 2.36e-05, 7.84e-02, 1.54e-01, 2.77e-03, 4.14e-05, 2.19e-04, 4.82e-04, 5.53e-05, 3.35e-04, 1.50e-03, 9.13e-03, 2.30e-02, 3.69e-03, 5.28e-03, 2.47e-03]    []  
9000      [7.38e-07, 1.40e-04, 7.44e-09, 1.54e-04, 1.29e-04, 3.63e-05, 7.30e-02, 1.51e-01, 8.75e-04, 4.66e-05, 3.49e-05, 4.27e-04, 4.80e-05, 2.22e-04, 1.48e-03, 8.69e-03, 2.30e-02, 2.91e-03, 4.55e-03, 1.99e-03]    [1.75e-09, 3.13e-05, 5.42e-09, 1.54e-04, 1.29e-04, 3.63e-05, 7.30e-02, 1.51e-01, 8.75e-04, 4.66e-05, 3.49e-05, 4.27e-04, 4.80e-05, 2.22e-04, 1.48e-03, 8.69e-03, 2.30e-02, 2.91e-03, 4.55e-03, 1.99e-03]    []  
Epoch 9000: train loss improved from 3.02e-01 to 2.69e-01, saving model to 2_6_30000_50_100.0___800_2_64_4.0_0.5/0.001_8_20_tanh.ckpt-9000.ckpt ...

10000     [7.07e-07, 1.18e-04, 8.78e-09, 1.02e-03, 3.03e-04, 7.30e-05, 5.46e-02, 1.41e-01, 1.12e-02, 1.77e-04, 6.18e-04, 1.32e-03, 2.02e-04, 4.20e-04, 1.56e-03, 5.90e-03, 2.48e-02, 2.65e-03, 4.86e-03, 2.01e-03]    [1.19e-09, 3.80e-05, 7.23e-09, 1.02e-03, 3.03e-04, 7.30e-05, 5.46e-02, 1.41e-01, 1.12e-02, 1.77e-04, 6.18e-04, 1.32e-03, 2.02e-04, 4.20e-04, 1.56e-03, 5.90e-03, 2.48e-02, 2.65e-03, 4.86e-03, 2.01e-03]    []  
11000     [7.30e-07, 1.99e-04, 1.43e-08, 6.07e-04, 9.36e-05, 7.41e-04, 7.86e-03, 9.91e-02, 4.83e-03, 4.84e-04, 2.30e-04, 2.64e-03, 4.67e-04, 1.99e-04, 1.54e-03, 2.97e-03, 2.12e-02, 2.16e-03, 6.17e-03, 1.91e-03]    [1.93e-09, 7.11e-05, 1.02e-08, 6.07e-04, 9.36e-05, 7.41e-04, 7.86e-03, 9.91e-02, 4.83e-03, 4.84e-04, 2.30e-04, 2.64e-03, 4.67e-04, 1.99e-04, 1.54e-03, 2.97e-03, 2.12e-02, 2.16e-03, 6.17e-03, 1.91e-03]    []  
12000     [3.30e-07, 2.42e-04, 4.00e-08, 5.63e-04, 9.40e-05, 2.40e-04, 6.20e-03, 5.03e-02, 3.17e-03, 8.91e-05, 3.78e-04, 1.34e-03, 5.18e-04, 5.26e-04, 1.88e-03, 3.20e-03, 2.02e-02, 3.37e-03, 3.43e-03, 1.66e-03]    [6.31e-09, 6.71e-05, 3.51e-08, 5.63e-04, 9.40e-05, 2.40e-04, 6.20e-03, 5.03e-02, 3.17e-03, 8.91e-05, 3.78e-04, 1.34e-03, 5.18e-04, 5.26e-04, 1.88e-03, 3.20e-03, 2.02e-02, 3.37e-03, 3.43e-03, 1.66e-03]    []  
Epoch 12000: train loss improved from 2.69e-01 to 9.74e-02, saving model to 2_6_30000_50_100.0___800_2_64_4.0_0.5/0.001_8_20_tanh.ckpt-12000.ckpt ...

13000     [2.97e-07, 2.00e-04, 2.43e-08, 1.16e-04, 3.29e-05, 2.16e-05, 3.50e-03, 1.93e-02, 6.20e-04, 1.97e-05, 1.37e-04, 7.98e-04, 5.99e-05, 4.72e-04, 1.28e-03, 1.85e-03, 6.81e-03, 1.69e-03, 2.52e-03, 1.36e-03]    [4.33e-09, 6.08e-05, 2.35e-08, 1.16e-04, 3.29e-05, 2.16e-05, 3.50e-03, 1.93e-02, 6.20e-04, 1.97e-05, 1.37e-04, 7.98e-04, 5.99e-05, 4.72e-04, 1.28e-03, 1.85e-03, 6.81e-03, 1.69e-03, 2.52e-03, 1.36e-03]    []  
14000     [2.82e-07, 1.74e-04, 2.00e-08, 3.34e-05, 2.10e-05, 1.38e-05, 3.14e-03, 5.97e-03, 1.70e-04, 2.40e-05, 6.73e-05, 2.07e-04, 2.97e-05, 2.29e-04, 9.68e-04, 1.44e-03, 2.74e-03, 8.86e-04, 2.28e-03, 1.26e-03]    [4.28e-09, 6.63e-05, 1.88e-08, 3.34e-05, 2.10e-05, 1.38e-05, 3.14e-03, 5.97e-03, 1.70e-04, 2.40e-05, 6.73e-05, 2.07e-04, 2.97e-05, 2.29e-04, 9.68e-04, 1.44e-03, 2.74e-03, 8.86e-04, 2.28e-03, 1.26e-03]    []  
15000     [2.34e-07, 7.56e-04, 4.08e-08, 1.20e-03, 6.33e-04, 2.66e-04, 3.40e-03, 1.76e-02, 2.19e-03, 9.73e-04, 1.39e-03, 3.26e-03, 1.84e-03, 2.44e-03, 1.80e-03, 3.21e-03, 1.21e-02, 4.62e-03, 8.82e-03, 7.74e-03]    [1.90e-08, 7.31e-05, 3.42e-08, 1.20e-03, 6.33e-04, 2.66e-04, 3.40e-03, 1.76e-02, 2.19e-03, 9.73e-04, 1.39e-03, 3.26e-03, 1.84e-03, 2.44e-03, 1.80e-03, 3.21e-03, 1.21e-02, 4.62e-03, 8.82e-03, 7.74e-03]    []  
Epoch 15000: train loss improved from 9.74e-02 to 1.97e-02, saving model to 2_6_30000_50_100.0___800_2_64_4.0_0.5/0.001_8_20_tanh.ckpt-15000.ckpt ...

16000     [3.86e-07, 2.28e-04, 4.29e-08, 9.20e-05, 5.28e-05, 1.12e-04, 2.74e-03, 5.15e-03, 1.04e-04, 1.48e-04, 2.97e-04, 1.80e-04, 1.28e-04, 2.27e-04, 9.87e-04, 1.80e-03, 2.46e-03, 1.10e-03, 3.44e-03, 2.32e-03]    [8.57e-09, 6.58e-05, 2.53e-08, 9.20e-05, 5.28e-05, 1.12e-04, 2.74e-03, 5.15e-03, 1.04e-04, 1.48e-04, 2.97e-04, 1.80e-04, 1.28e-04, 2.27e-04, 9.87e-04, 1.80e-03, 2.46e-03, 1.10e-03, 3.44e-03, 2.32e-03]    []  
17000     [3.90e-07, 1.47e-04, 3.93e-08, 3.13e-05, 2.02e-05, 6.41e-05, 2.80e-03, 4.93e-03, 1.20e-04, 6.57e-05, 1.15e-04, 1.66e-04, 8.02e-05, 2.56e-04, 8.57e-04, 1.35e-03, 1.80e-03, 8.06e-04, 2.75e-03, 1.48e-03]    [7.68e-09, 6.57e-05, 2.25e-08, 3.13e-05, 2.02e-05, 6.41e-05, 2.80e-03, 4.93e-03, 1.20e-04, 6.57e-05, 1.15e-04, 1.66e-04, 8.02e-05, 2.56e-04, 8.57e-04, 1.35e-03, 1.80e-03, 8.06e-04, 2.75e-03, 1.48e-03]    []  
18000     [2.66e-07, 1.50e-04, 2.98e-08, 4.45e-05, 2.94e-05, 7.03e-05, 4.88e-03, 8.89e-03, 4.38e-04, 8.11e-05, 8.76e-05, 1.41e-04, 6.83e-05, 3.28e-04, 8.67e-04, 1.64e-03, 2.54e-03, 8.43e-04, 2.41e-03, 1.30e-03]    [8.05e-09, 6.75e-05, 2.26e-08, 4.45e-05, 2.94e-05, 7.03e-05, 4.88e-03, 8.89e-03, 4.38e-04, 8.11e-05, 8.76e-05, 1.41e-04, 6.83e-05, 3.28e-04, 8.67e-04, 1.64e-03, 2.54e-03, 8.43e-04, 2.41e-03, 1.30e-03]    []  
Epoch 18000: train loss improved from 1.97e-02 to 1.78e-02, saving model to 2_6_30000_50_100.0___800_2_64_4.0_0.5/0.001_8_20_tanh.ckpt-18000.ckpt ...

19000     [1.70e-07, 1.40e-04, 2.93e-08, 1.39e-04, 2.10e-05, 7.12e-05, 4.13e-03, 4.57e-03, 2.55e-03, 3.87e-05, 3.24e-04, 1.69e-04, 2.11e-04, 2.35e-04, 9.76e-04, 1.33e-03, 1.48e-03, 1.33e-03, 2.33e-03, 1.25e-03]    [8.60e-09, 6.82e-05, 2.34e-08, 1.39e-04, 2.10e-05, 7.12e-05, 4.13e-03, 4.57e-03, 2.55e-03, 3.87e-05, 3.24e-04, 1.69e-04, 2.11e-04, 2.35e-04, 9.76e-04, 1.33e-03, 1.48e-03, 1.33e-03, 2.33e-03, 1.25e-03]    []  
20000     [2.06e-07, 1.06e-04, 3.31e-08, 4.67e-05, 1.61e-05, 8.05e-06, 2.63e-03, 4.42e-03, 6.30e-05, 2.95e-05, 3.49e-05, 1.11e-04, 1.98e-05, 1.44e-04, 6.28e-04, 9.71e-04, 1.17e-03, 5.31e-04, 1.90e-03, 9.61e-04]    [1.01e-08, 5.76e-05, 2.44e-08, 4.67e-05, 1.61e-05, 8.05e-06, 2.63e-03, 4.42e-03, 6.30e-05, 2.95e-05, 3.49e-05, 1.11e-04, 1.98e-05, 1.44e-04, 6.28e-04, 9.71e-04, 1.17e-03, 5.31e-04, 1.90e-03, 9.61e-04]    []  
21000     [2.47e-07, 9.14e-05, 3.64e-08, 1.57e-04, 1.87e-05, 9.99e-05, 4.73e-03, 2.18e-02, 1.40e-03, 1.24e-04, 6.55e-04, 1.07e-03, 1.40e-04, 4.04e-04, 6.28e-04, 2.69e-03, 7.79e-03, 8.27e-04, 2.20e-03, 1.04e-03]    [1.12e-08, 5.18e-05, 2.52e-08, 1.57e-04, 1.87e-05, 9.99e-05, 4.73e-03, 2.18e-02, 1.40e-03, 1.24e-04, 6.55e-04, 1.07e-03, 1.40e-04, 4.04e-04, 6.28e-04, 2.69e-03, 7.79e-03, 8.27e-04, 2.20e-03, 1.04e-03]    []  
Epoch 21000: train loss improved from 1.78e-02 to 1.38e-02, saving model to 2_6_30000_50_100.0___800_2_64_4.0_0.5/0.001_8_20_tanh.ckpt-21000.ckpt ...

22000     [2.04e-07, 7.08e-05, 3.38e-08, 4.64e-05, 1.19e-05, 3.04e-05, 2.52e-03, 4.48e-03, 7.76e-05, 1.18e-05, 3.34e-05, 8.42e-05, 1.91e-05, 7.52e-05, 5.59e-04, 7.44e-04, 8.90e-04, 4.29e-04, 1.41e-03, 7.87e-04]    [1.05e-08, 4.84e-05, 2.44e-08, 4.64e-05, 1.19e-05, 3.04e-05, 2.52e-03, 4.48e-03, 7.76e-05, 1.18e-05, 3.34e-05, 8.42e-05, 1.91e-05, 7.52e-05, 5.59e-04, 7.44e-04, 8.90e-04, 4.29e-04, 1.41e-03, 7.87e-04]    []  
23000     [1.45e-07, 1.28e-04, 3.43e-08, 9.34e-05, 1.84e-05, 4.59e-05, 2.47e-03, 4.19e-03, 3.78e-05, 1.97e-05, 2.71e-05, 1.43e-04, 1.11e-05, 4.60e-05, 8.97e-04, 8.63e-04, 9.63e-04, 7.17e-04, 1.28e-03, 1.11e-03]    [9.87e-09, 3.88e-05, 2.45e-08, 9.34e-05, 1.84e-05, 4.59e-05, 2.47e-03, 4.19e-03, 3.78e-05, 1.97e-05, 2.71e-05, 1.43e-04, 1.11e-05, 4.60e-05, 8.97e-04, 8.63e-04, 9.63e-04, 7.17e-04, 1.28e-03, 1.11e-03]    []  
24000     [1.99e-07, 6.48e-05, 3.17e-08, 2.41e-05, 6.84e-06, 5.46e-06, 2.44e-03, 4.13e-03, 4.85e-05, 5.81e-06, 2.74e-05, 5.37e-05, 9.98e-06, 3.36e-05, 5.82e-04, 6.70e-04, 8.91e-04, 3.63e-04, 1.20e-03, 7.30e-04]    [1.08e-08, 4.50e-05, 2.19e-08, 2.41e-05, 6.84e-06, 5.46e-06, 2.44e-03, 4.13e-03, 4.85e-05, 5.81e-06, 2.74e-05, 5.37e-05, 9.98e-06, 3.36e-05, 5.82e-04, 6.70e-04, 8.91e-04, 3.63e-04, 1.20e-03, 7.30e-04]    []  
Epoch 24000: train loss improved from 1.38e-02 to 1.13e-02, saving model to 2_6_30000_50_100.0___800_2_64_4.0_0.5/0.001_8_20_tanh.ckpt-24000.ckpt ...

25000     [2.01e-07, 5.42e-05, 3.37e-08, 1.57e-05, 5.52e-05, 3.51e-04, 1.21e-02, 6.29e-03, 2.88e-04, 2.76e-05, 2.19e-04, 9.09e-05, 2.19e-05, 8.71e-05, 6.05e-04, 4.38e-03, 2.03e-03, 4.12e-04, 1.20e-03, 7.12e-04]    [1.11e-08, 3.89e-05, 2.29e-08, 1.57e-05, 5.52e-05, 3.51e-04, 1.21e-02, 6.29e-03, 2.88e-04, 2.76e-05, 2.19e-04, 9.09e-05, 2.19e-05, 8.71e-05, 6.05e-04, 4.38e-03, 2.03e-03, 4.12e-04, 1.20e-03, 7.12e-04]    []  
26000     [1.94e-07, 5.11e-05, 3.73e-08, 2.24e-05, 8.16e-06, 1.19e-05, 2.63e-03, 4.29e-03, 3.33e-04, 2.29e-05, 1.08e-04, 6.16e-05, 1.58e-05, 1.98e-05, 5.60e-04, 4.90e-04, 9.03e-04, 4.50e-04, 9.32e-04, 6.02e-04]    [1.15e-08, 3.79e-05, 2.19e-08, 2.24e-05, 8.16e-06, 1.19e-05, 2.63e-03, 4.29e-03, 3.33e-04, 2.29e-05, 1.08e-04, 6.16e-05, 1.58e-05, 1.98e-05, 5.60e-04, 4.90e-04, 9.03e-04, 4.50e-04, 9.32e-04, 6.02e-04]    []  
27000     [2.10e-07, 4.86e-05, 3.33e-08, 8.08e-06, 8.52e-06, 3.92e-06, 2.30e-03, 3.95e-03, 4.30e-05, 6.54e-06, 2.17e-05, 3.31e-05, 1.12e-05, 1.20e-05, 4.31e-04, 3.85e-04, 5.72e-04, 2.28e-04, 7.18e-04, 5.06e-04]    [1.14e-08, 3.23e-05, 2.05e-08, 8.08e-06, 8.52e-06, 3.92e-06, 2.30e-03, 3.95e-03, 4.30e-05, 6.54e-06, 2.17e-05, 3.31e-05, 1.12e-05, 1.20e-05, 4.31e-04, 3.85e-04, 5.72e-04, 2.28e-04, 7.18e-04, 5.06e-04]    []  
Epoch 27000: train loss improved from 1.13e-02 to 9.28e-03, saving model to 2_6_30000_50_100.0___800_2_64_4.0_0.5/0.001_8_20_tanh.ckpt-27000.ckpt ...

28000     [1.75e-07, 6.55e-05, 3.70e-08, 8.54e-06, 1.27e-05, 4.64e-06, 2.25e-03, 3.89e-03, 5.95e-05, 1.02e-05, 2.00e-05, 4.83e-05, 1.03e-05, 3.52e-06, 4.94e-04, 4.12e-04, 5.43e-04, 2.46e-04, 6.82e-04, 5.80e-04]    [1.17e-08, 4.24e-05, 2.13e-08, 8.54e-06, 1.27e-05, 4.64e-06, 2.25e-03, 3.89e-03, 5.95e-05, 1.02e-05, 2.00e-05, 4.83e-05, 1.03e-05, 3.52e-06, 4.94e-04, 4.12e-04, 5.43e-04, 2.46e-04, 6.82e-04, 5.80e-04]    []  
29000     [2.15e-07, 4.52e-05, 3.46e-08, 7.46e-06, 1.40e-05, 1.88e-06, 2.22e-03, 3.82e-03, 4.98e-05, 1.05e-05, 2.04e-05, 3.09e-05, 1.21e-05, 6.82e-06, 4.10e-04, 2.98e-04, 4.64e-04, 1.89e-04, 5.73e-04, 4.50e-04]    [1.19e-08, 3.09e-05, 2.30e-08, 7.46e-06, 1.40e-05, 1.88e-06, 2.22e-03, 3.82e-03, 4.98e-05, 1.05e-05, 2.04e-05, 3.09e-05, 1.21e-05, 6.82e-06, 4.10e-04, 2.98e-04, 4.64e-04, 1.89e-04, 5.73e-04, 4.50e-04]    []  
30000     [1.34e-06, 1.49e-03, 2.65e-07, 1.71e-01, 6.51e-03, 2.91e-02, 3.42e-02, 2.11e-02, 5.28e-01, 1.79e-02, 3.13e-01, 3.21e-03, 3.94e-02, 1.78e-02, 1.03e-01, 3.11e-02, 1.20e-01, 4.57e-01, 2.50e-01, 1.14e-01]    [2.35e-07, 6.07e-04, 3.22e-08, 1.71e-01, 6.51e-03, 2.91e-02, 3.42e-02, 2.11e-02, 5.28e-01, 1.79e-02, 3.13e-01, 3.21e-03, 3.94e-02, 1.78e-02, 1.03e-01, 3.11e-02, 1.20e-01, 4.57e-01, 2.50e-01, 1.14e-01]    []  
Epoch 30000: train loss improved from 9.28e-03 to 8.63e-03, saving model to 2_6_30000_50_100.0___800_2_64_4.0_0.5/0.001_8_20_tanh.ckpt-30000.ckpt ...


Best model at step 29000:
  train loss: 8.63e-03
  test loss: 8.61e-03
  test metric: []

'train' took 818.130718 s

Saving loss history to 2_6_30000_50_100.0___800_2_64_4.0_0.5/loss.dat ...
Saving training data to 2_6_30000_50_100.0___800_2_64_4.0_0.5/train.dat ...
Saving test data to 2_6_30000_50_100.0___800_2_64_4.0_0.5/test.dat ...
