Compiling model...
Building feed-forward neural network...
'build' took 0.057147 s

Compiling model...
Building feed-forward neural network...
'build' took 0.063882 s

'compile' took 7.550900 s

'compile' took 7.592765 s

Initializing variables...
Training model...

Step      Train loss                                                                                                                            Test loss                                                                                                                             Test metric
0         [3.06e-07, 1.44e-07, 7.18e-07, 2.77e+00, 3.30e+00, 1.17e-01, 2.62e+00, 4.55e+00, 2.13e+00, 3.28e-01, 3.88e+00, 1.06e-01, 2.34e+01]    [3.05e-07, 1.46e-07, 7.27e-07, 2.77e+00, 3.30e+00, 1.17e-01, 2.62e+00, 4.55e+00, 2.13e+00, 3.28e-01, 3.88e+00, 1.06e-01, 2.34e+01]    []  
Initializing variables...
Training model...

Step      Train loss                                                                                                                            Test loss                                                                                                                             Test metric
0         [2.72e-08, 3.24e-08, 5.60e-08, 8.31e-01, 2.93e+01, 1.50e+00, 1.68e+00, 6.54e+00, 3.55e+00, 2.80e+00, 1.23e+01, 8.03e-02, 5.96e+00]    [2.61e-08, 3.27e-08, 5.22e-08, 8.31e-01, 2.93e+01, 1.50e+00, 1.68e+00, 6.54e+00, 3.55e+00, 2.80e+00, 1.23e+01, 8.03e-02, 5.96e+00]    []  
1000      [6.71e-08, 1.25e-09, 1.06e-07, 7.03e-01, 2.27e+00, 2.87e-02, 6.69e-01, 2.87e-01, 1.20e+00, 7.45e-01, 2.67e+00, 5.60e-01, 2.66e+00]    [5.87e-08, 1.14e-09, 9.86e-08, 7.03e-01, 2.27e+00, 2.87e-02, 6.69e-01, 2.87e-01, 1.20e+00, 7.45e-01, 2.67e+00, 5.60e-01, 2.66e+00]    []  
1000      [5.67e-08, 2.94e-08, 6.12e-08, 7.08e-01, 2.05e+00, 9.94e-03, 5.71e-01, 3.09e-01, 1.56e+00, 7.59e-01, 2.58e+00, 5.42e-01, 2.49e+00]    [4.75e-08, 2.97e-08, 5.31e-08, 7.08e-01, 2.05e+00, 9.94e-03, 5.71e-01, 3.09e-01, 1.56e+00, 7.59e-01, 2.58e+00, 5.42e-01, 2.49e+00]    []  
2000      [7.31e-08, 6.14e-09, 1.13e-07, 3.88e-01, 1.29e+00, 2.08e-02, 4.44e-01, 3.68e-01, 1.27e+00, 7.72e-01, 2.44e+00, 4.79e-01, 2.19e+00]    [5.86e-08, 5.62e-09, 9.24e-08, 3.88e-01, 1.29e+00, 2.08e-02, 4.44e-01, 3.68e-01, 1.27e+00, 7.72e-01, 2.44e+00, 4.79e-01, 2.19e+00]    []  
2000      [5.71e-08, 1.50e-09, 4.60e-08, 2.08e-01, 1.04e+00, 1.14e-02, 4.40e-01, 2.51e-01, 1.56e+00, 6.15e-01, 2.21e+00, 4.56e-01, 2.03e+00]    [4.31e-08, 1.16e-09, 3.42e-08, 2.08e-01, 1.04e+00, 1.14e-02, 4.40e-01, 2.51e-01, 1.56e+00, 6.15e-01, 2.21e+00, 4.56e-01, 2.03e+00]    []  
3000      [1.81e-07, 1.05e-08, 1.71e-07, 3.04e-02, 4.08e-01, 2.34e-02, 4.67e-01, 1.83e-01, 1.16e+00, 3.23e-01, 1.55e+00, 1.25e-01, 1.02e+00]    [1.46e-07, 9.32e-09, 1.72e-07, 3.04e-02, 4.08e-01, 2.34e-02, 4.67e-01, 1.83e-01, 1.16e+00, 3.23e-01, 1.55e+00, 1.25e-01, 1.02e+00]    []  
4000      [2.59e-07, 2.32e-08, 1.99e-07, 1.36e-02, 2.44e-01, 1.07e-02, 4.32e-01, 4.14e-02, 6.92e-01, 3.49e-02, 6.00e-01, 2.03e-02, 5.34e-01]    [1.85e-07, 1.16e-08, 2.09e-07, 1.36e-02, 2.44e-01, 1.07e-02, 4.32e-01, 4.14e-02, 6.92e-01, 3.49e-02, 6.00e-01, 2.03e-02, 5.34e-01]    []  
3000      [1.84e-07, 1.26e-08, 2.00e-07, 1.79e-02, 2.90e-01, 1.04e-03, 3.82e-01, 1.01e-01, 1.08e+00, 7.99e-02, 6.44e-01, 7.92e-02, 6.39e-01]    [1.53e-07, 1.27e-08, 2.10e-07, 1.79e-02, 2.90e-01, 1.04e-03, 3.82e-01, 1.01e-01, 1.08e+00, 7.99e-02, 6.44e-01, 7.92e-02, 6.39e-01]    []  
5000      [3.22e-07, 4.23e-08, 1.28e-07, 5.27e-03, 9.47e-02, 7.03e-04, 2.59e-01, 2.63e-02, 4.43e-01, 9.70e-03, 4.29e-01, 9.52e-03, 3.85e-01]    [1.38e-07, 1.73e-08, 1.07e-07, 5.27e-03, 9.47e-02, 7.03e-04, 2.59e-01, 2.63e-02, 4.43e-01, 9.70e-03, 4.29e-01, 9.52e-03, 3.85e-01]    []  
4000      [2.68e-07, 5.70e-09, 2.20e-07, 5.45e-03, 1.04e-01, 1.87e-03, 2.94e-01, 4.59e-02, 6.25e-01, 1.95e-02, 3.22e-01, 1.72e-02, 3.29e-01]    [1.72e-07, 5.94e-09, 1.98e-07, 5.45e-03, 1.04e-01, 1.87e-03, 2.94e-01, 4.59e-02, 6.25e-01, 1.95e-02, 3.22e-01, 1.72e-02, 3.29e-01]    []  
6000      [4.91e-07, 3.25e-08, 1.81e-07, 1.43e-02, 6.40e-02, 4.88e-03, 7.79e-02, 9.30e-03, 2.91e-01, 1.44e-02, 2.92e-01, 1.39e-02, 2.54e-01]    [1.39e-07, 1.62e-08, 1.07e-07, 1.43e-02, 6.40e-02, 4.88e-03, 7.79e-02, 9.30e-03, 2.91e-01, 1.44e-02, 2.92e-01, 1.39e-02, 2.54e-01]    []  
5000      [3.56e-07, 3.32e-09, 2.13e-07, 1.04e-02, 4.99e-02, 2.15e-03, 1.71e-01, 3.25e-02, 4.11e-01, 5.71e-03, 2.11e-01, 1.30e-02, 2.55e-01]    [1.68e-07, 2.97e-09, 1.67e-07, 1.04e-02, 4.99e-02, 2.15e-03, 1.71e-01, 3.25e-02, 4.11e-01, 5.71e-03, 2.11e-01, 1.30e-02, 2.55e-01]    []  
7000      [5.61e-07, 3.84e-08, 2.41e-07, 5.20e-03, 4.76e-02, 3.48e-03, 4.14e-02, 6.62e-03, 1.76e-01, 8.44e-03, 1.21e-01, 5.66e-03, 9.95e-02]    [1.66e-07, 3.45e-08, 1.68e-07, 5.20e-03, 4.76e-02, 3.48e-03, 4.14e-02, 6.62e-03, 1.76e-01, 8.44e-03, 1.21e-01, 5.66e-03, 9.95e-02]    []  
8000      [4.61e-07, 4.93e-08, 4.47e-07, 2.61e-03, 2.01e-02, 3.66e-04, 2.68e-02, 1.92e-03, 1.03e-01, 1.55e-03, 2.12e-02, 2.75e-03, 3.03e-02]    [1.59e-07, 3.56e-08, 1.40e-07, 2.61e-03, 2.01e-02, 3.66e-04, 2.68e-02, 1.92e-03, 1.03e-01, 1.55e-03, 2.12e-02, 2.75e-03, 3.03e-02]    []  
6000      [4.59e-07, 9.05e-09, 1.58e-07, 6.20e-03, 3.46e-02, 2.06e-03, 8.48e-02, 1.20e-02, 2.98e-01, 6.59e-03, 1.35e-01, 1.18e-02, 1.87e-01]    [1.62e-07, 8.19e-09, 1.20e-07, 6.20e-03, 3.46e-02, 2.06e-03, 8.48e-02, 1.20e-02, 2.98e-01, 6.59e-03, 1.35e-01, 1.18e-02, 1.87e-01]    []  
9000      [4.81e-07, 1.05e-08, 5.76e-07, 6.37e-04, 6.64e-03, 2.20e-04, 1.51e-02, 1.13e-03, 5.66e-02, 7.04e-04, 9.77e-03, 1.55e-03, 2.58e-02]    [1.53e-07, 7.58e-09, 9.01e-08, 6.37e-04, 6.64e-03, 2.20e-04, 1.51e-02, 1.13e-03, 5.66e-02, 7.04e-04, 9.77e-03, 1.55e-03, 2.58e-02]    []  
7000      [5.01e-07, 1.22e-08, 9.61e-08, 2.19e-03, 2.57e-02, 3.53e-03, 5.95e-02, 8.12e-03, 1.95e-01, 4.17e-03, 9.05e-02, 5.15e-03, 1.28e-01]    [1.37e-07, 1.10e-08, 6.91e-08, 2.19e-03, 2.57e-02, 3.53e-03, 5.95e-02, 8.12e-03, 1.95e-01, 4.17e-03, 9.05e-02, 5.15e-03, 1.28e-01]    []  
10000     [5.39e-07, 3.89e-09, 5.18e-07, 3.72e-04, 3.73e-03, 1.97e-04, 9.16e-03, 5.68e-04, 3.23e-02, 7.44e-04, 1.03e-02, 1.37e-03, 1.74e-02]    [1.59e-07, 3.90e-09, 6.98e-08, 3.72e-04, 3.73e-03, 1.97e-04, 9.16e-03, 5.68e-04, 3.23e-02, 7.44e-04, 1.03e-02, 1.37e-03, 1.74e-02]    []  
8000      [4.96e-07, 9.27e-09, 8.09e-08, 2.34e-03, 1.81e-02, 2.34e-03, 4.25e-02, 5.36e-03, 1.29e-01, 1.15e-03, 4.74e-02, 1.45e-03, 6.95e-02]    [1.05e-07, 8.06e-09, 4.91e-08, 2.34e-03, 1.81e-02, 2.34e-03, 4.25e-02, 5.36e-03, 1.29e-01, 1.15e-03, 4.74e-02, 1.45e-03, 6.95e-02]    []  
11000     [5.94e-07, 3.20e-09, 4.61e-07, 4.59e-04, 2.94e-03, 2.29e-04, 6.07e-03, 2.86e-04, 1.95e-02, 6.51e-04, 1.09e-02, 1.04e-03, 9.73e-03]    [1.56e-07, 3.31e-09, 6.35e-08, 4.59e-04, 2.94e-03, 2.29e-04, 6.07e-03, 2.86e-04, 1.95e-02, 6.51e-04, 1.09e-02, 1.04e-03, 9.73e-03]    []  
12000     [6.50e-07, 2.91e-09, 4.04e-07, 4.80e-04, 2.35e-03, 3.33e-04, 3.86e-03, 2.14e-04, 1.30e-02, 5.36e-04, 9.57e-03, 6.93e-04, 5.51e-03]    [1.49e-07, 2.97e-09, 5.87e-08, 4.80e-04, 2.35e-03, 3.33e-04, 3.86e-03, 2.14e-04, 1.30e-02, 5.36e-04, 9.57e-03, 6.93e-04, 5.51e-03]    []  
9000      [5.17e-07, 7.51e-09, 1.41e-07, 1.60e-03, 1.08e-02, 1.58e-04, 3.21e-02, 1.79e-03, 9.45e-02, 9.42e-04, 2.40e-02, 1.84e-03, 3.46e-02]    [9.79e-08, 7.07e-09, 6.52e-08, 1.60e-03, 1.08e-02, 1.58e-04, 3.21e-02, 1.79e-03, 9.45e-02, 9.42e-04, 2.40e-02, 1.84e-03, 3.46e-02]    []  
13000     [7.03e-07, 2.34e-09, 3.50e-07, 4.42e-04, 1.87e-03, 4.02e-04, 2.48e-03, 2.37e-04, 9.90e-03, 4.86e-04, 7.76e-03, 4.66e-04, 3.87e-03]    [1.41e-07, 2.37e-09, 5.41e-08, 4.42e-04, 1.87e-03, 4.02e-04, 2.48e-03, 2.37e-04, 9.90e-03, 4.86e-04, 7.76e-03, 4.66e-04, 3.87e-03]    []  
10000     [6.02e-07, 7.78e-09, 1.49e-07, 6.83e-04, 4.54e-03, 7.98e-04, 2.60e-02, 1.16e-03, 7.22e-02, 5.15e-04, 1.83e-02, 1.74e-03, 2.27e-02]    [8.57e-08, 7.58e-09, 5.78e-08, 6.83e-04, 4.54e-03, 7.98e-04, 2.60e-02, 1.16e-03, 7.22e-02, 5.15e-04, 1.83e-02, 1.74e-03, 2.27e-02]    []  
14000     [7.47e-07, 1.78e-09, 3.07e-07, 4.02e-04, 1.46e-03, 3.91e-04, 1.79e-03, 2.72e-04, 8.02e-03, 2.67e-04, 6.57e-03, 3.30e-04, 3.12e-03]    [1.35e-07, 1.79e-09, 5.14e-08, 4.02e-04, 1.46e-03, 3.91e-04, 1.79e-03, 2.72e-04, 8.02e-03, 2.67e-04, 6.57e-03, 3.30e-04, 3.12e-03]    []  
11000     [7.62e-07, 8.60e-09, 1.52e-07, 3.03e-04, 3.42e-03, 7.68e-04, 2.22e-02, 9.41e-04, 5.35e-02, 4.00e-04, 1.56e-02, 1.35e-03, 1.54e-02]    [8.17e-08, 8.43e-09, 5.87e-08, 3.03e-04, 3.42e-03, 7.68e-04, 2.22e-02, 9.41e-04, 5.35e-02, 4.00e-04, 1.56e-02, 1.35e-03, 1.54e-02]    []  
15000     [7.88e-07, 1.42e-09, 2.82e-07, 3.80e-04, 1.21e-03, 3.33e-04, 1.46e-03, 2.89e-04, 6.72e-03, 1.90e-04, 5.62e-03, 2.48e-04, 2.47e-03]    [1.32e-07, 1.43e-09, 5.13e-08, 3.80e-04, 1.21e-03, 3.33e-04, 1.46e-03, 2.89e-04, 6.72e-03, 1.90e-04, 5.62e-03, 2.48e-04, 2.47e-03]    []  
16000     [8.22e-07, 1.19e-09, 2.72e-07, 3.68e-04, 1.08e-03, 2.59e-04, 1.27e-03, 2.85e-04, 5.72e-03, 1.40e-04, 4.88e-03, 1.97e-04, 1.90e-03]    [1.32e-07, 1.17e-09, 5.35e-08, 3.68e-04, 1.08e-03, 2.59e-04, 1.27e-03, 2.85e-04, 5.72e-03, 1.40e-04, 4.88e-03, 1.97e-04, 1.90e-03]    []  
12000     [9.47e-07, 6.87e-09, 1.53e-07, 3.76e-04, 4.33e-03, 4.05e-04, 1.94e-02, 8.97e-04, 3.95e-02, 3.34e-04, 1.39e-02, 8.80e-04, 1.13e-02]    [8.05e-08, 6.87e-09, 6.04e-08, 3.76e-04, 4.33e-03, 4.05e-04, 1.94e-02, 8.97e-04, 3.95e-02, 3.34e-04, 1.39e-02, 8.80e-04, 1.13e-02]    []  
17000     [8.57e-07, 1.03e-09, 2.69e-07, 3.72e-04, 9.85e-04, 1.91e-04, 1.13e-03, 3.82e-04, 5.03e-03, 7.87e-05, 4.37e-03, 1.67e-04, 1.49e-03]    [1.34e-07, 9.90e-10, 5.72e-08, 3.72e-04, 9.85e-04, 1.91e-04, 1.13e-03, 3.82e-04, 5.03e-03, 7.87e-05, 4.37e-03, 1.67e-04, 1.49e-03]    []  
13000     [1.04e-06, 5.19e-09, 1.51e-07, 4.80e-04, 4.91e-03, 2.65e-04, 1.75e-02, 7.79e-04, 3.02e-02, 2.40e-04, 1.29e-02, 5.11e-04, 9.02e-03]    [8.09e-08, 5.29e-09, 6.07e-08, 4.80e-04, 4.91e-03, 2.65e-04, 1.75e-02, 7.79e-04, 3.02e-02, 2.40e-04, 1.29e-02, 5.11e-04, 9.02e-03]    []  
18000     [8.99e-07, 9.53e-10, 2.68e-07, 3.21e-04, 9.28e-04, 1.50e-04, 9.89e-04, 2.53e-04, 4.46e-03, 1.03e-04, 3.84e-03, 1.46e-04, 1.23e-03]    [1.37e-07, 9.11e-10, 6.15e-08, 3.21e-04, 9.28e-04, 1.50e-04, 9.89e-04, 2.53e-04, 4.46e-03, 1.03e-04, 3.84e-03, 1.46e-04, 1.23e-03]    []  
19000     [9.38e-07, 9.47e-10, 2.64e-07, 3.02e-04, 8.65e-04, 1.17e-04, 8.63e-04, 3.16e-04, 4.19e-03, 8.23e-05, 3.56e-03, 1.31e-04, 1.07e-03]    [1.39e-07, 9.12e-10, 6.57e-08, 3.02e-04, 8.65e-04, 1.17e-04, 8.63e-04, 3.16e-04, 4.19e-03, 8.23e-05, 3.56e-03, 1.31e-04, 1.07e-03]    []  
14000     [1.00e-06, 4.14e-09, 1.47e-07, 4.83e-04, 4.80e-03, 2.06e-04, 1.61e-02, 6.02e-04, 2.40e-02, 2.66e-04, 1.18e-02, 3.28e-04, 7.62e-03]    [8.36e-08, 4.19e-09, 5.94e-08, 4.83e-04, 4.80e-03, 2.06e-04, 1.61e-02, 6.02e-04, 2.40e-02, 2.66e-04, 1.18e-02, 3.28e-04, 7.62e-03]    []  
20000     [9.74e-07, 9.73e-10, 2.60e-07, 2.47e-04, 8.22e-04, 1.01e-04, 7.47e-04, 2.10e-04, 3.88e-03, 1.07e-04, 3.21e-03, 1.20e-04, 9.58e-04]    [1.41e-07, 9.50e-10, 6.96e-08, 2.47e-04, 8.22e-04, 1.01e-04, 7.47e-04, 2.10e-04, 3.88e-03, 1.07e-04, 3.21e-03, 1.20e-04, 9.58e-04]    []  
15000     [8.80e-07, 3.21e-09, 1.42e-07, 4.32e-04, 4.40e-03, 1.51e-04, 1.49e-02, 4.14e-04, 1.93e-02, 2.28e-04, 1.07e-02, 2.22e-04, 6.39e-03]    [8.73e-08, 3.15e-09, 5.74e-08, 4.32e-04, 4.40e-03, 1.51e-04, 1.49e-02, 4.14e-04, 1.93e-02, 2.28e-04, 1.07e-02, 2.22e-04, 6.39e-03]    []  
21000     [1.00e-06, 1.01e-09, 2.55e-07, 2.10e-04, 7.78e-04, 8.40e-05, 6.49e-04, 1.88e-04, 3.71e-03, 1.12e-04, 2.97e-03, 1.10e-04, 8.77e-04]    [1.43e-07, 9.94e-10, 7.28e-08, 2.10e-04, 7.78e-04, 8.40e-05, 6.49e-04, 1.88e-04, 3.71e-03, 1.12e-04, 2.97e-03, 1.10e-04, 8.77e-04]    []  
16000     [7.54e-07, 2.41e-09, 1.38e-07, 3.62e-04, 3.89e-03, 1.08e-04, 1.39e-02, 2.75e-04, 1.57e-02, 1.72e-04, 9.66e-03, 1.57e-04, 5.22e-03]    [9.04e-08, 2.27e-09, 5.47e-08, 3.62e-04, 3.89e-03, 1.08e-04, 1.39e-02, 2.75e-04, 1.57e-02, 1.72e-04, 9.66e-03, 1.57e-04, 5.22e-03]    []  
22000     [1.02e-06, 1.06e-09, 2.49e-07, 1.78e-04, 7.37e-04, 7.40e-05, 5.74e-04, 1.69e-04, 3.57e-03, 1.18e-04, 2.74e-03, 1.03e-04, 8.07e-04]    [1.44e-07, 1.04e-09, 7.55e-08, 1.78e-04, 7.37e-04, 7.40e-05, 5.74e-04, 1.69e-04, 3.57e-03, 1.18e-04, 2.74e-03, 1.03e-04, 8.07e-04]    []  
23000     [1.03e-06, 1.12e-09, 2.45e-07, 1.48e-04, 6.98e-04, 5.99e-05, 5.01e-04, 1.48e-04, 3.46e-03, 1.23e-04, 2.54e-03, 9.44e-05, 7.47e-04]    [1.45e-07, 1.09e-09, 7.76e-08, 1.48e-04, 6.98e-04, 5.99e-05, 5.01e-04, 1.48e-04, 3.46e-03, 1.23e-04, 2.54e-03, 9.44e-05, 7.47e-04]    []  
17000     [6.57e-07, 1.78e-09, 1.35e-07, 3.10e-04, 3.39e-03, 8.89e-05, 1.30e-02, 1.98e-04, 1.33e-02, 1.15e-04, 8.71e-03, 1.34e-04, 4.29e-03]    [9.17e-08, 1.61e-09, 5.11e-08, 3.10e-04, 3.39e-03, 8.89e-05, 1.30e-02, 1.98e-04, 1.33e-02, 1.15e-04, 8.71e-03, 1.34e-04, 4.29e-03]    []  
24000     [1.04e-06, 1.19e-09, 2.41e-07, 1.25e-04, 6.56e-04, 5.01e-05, 4.48e-04, 1.26e-04, 3.38e-03, 1.25e-04, 2.35e-03, 8.80e-05, 6.94e-04]    [1.46e-07, 1.14e-09, 7.92e-08, 1.25e-04, 6.56e-04, 5.01e-05, 4.48e-04, 1.26e-04, 3.38e-03, 1.25e-04, 2.35e-03, 8.80e-05, 6.94e-04]    []  
18000     [5.89e-07, 1.34e-09, 1.36e-07, 2.63e-04, 2.99e-03, 8.37e-05, 1.23e-02, 2.12e-04, 1.18e-02, 1.43e-04, 7.83e-03, 1.39e-04, 3.63e-03]    [9.17e-08, 1.15e-09, 4.75e-08, 2.63e-04, 2.99e-03, 8.37e-05, 1.23e-02, 2.12e-04, 1.18e-02, 1.43e-04, 7.83e-03, 1.39e-04, 3.63e-03]    []  
25000     [1.04e-06, 1.28e-09, 2.38e-07, 1.04e-04, 6.14e-04, 4.22e-05, 4.06e-04, 1.18e-04, 3.28e-03, 1.30e-04, 2.18e-03, 8.18e-05, 6.50e-04]    [1.46e-07, 1.20e-09, 8.03e-08, 1.04e-04, 6.14e-04, 4.22e-05, 4.06e-04, 1.18e-04, 3.28e-03, 1.30e-04, 2.18e-03, 8.18e-05, 6.50e-04]    []  
19000     [5.43e-07, 1.06e-09, 1.39e-07, 2.28e-04, 2.70e-03, 7.97e-05, 1.18e-02, 2.37e-04, 1.08e-02, 1.59e-04, 7.11e-03, 1.44e-04, 3.20e-03]    [9.14e-08, 8.68e-10, 4.44e-08, 2.28e-04, 2.70e-03, 7.97e-05, 1.18e-02, 2.37e-04, 1.08e-02, 1.59e-04, 7.11e-03, 1.44e-04, 3.20e-03]    []  
26000     [1.04e-06, 1.38e-09, 2.34e-07, 8.74e-05, 5.71e-04, 3.81e-05, 3.88e-04, 1.07e-04, 3.20e-03, 1.31e-04, 2.03e-03, 7.82e-05, 6.20e-04]    [1.46e-07, 1.27e-09, 8.13e-08, 8.74e-05, 5.71e-04, 3.81e-05, 3.88e-04, 1.07e-04, 3.20e-03, 1.31e-04, 2.03e-03, 7.82e-05, 6.20e-04]    []  
27000     [1.04e-06, 1.47e-09, 2.32e-07, 7.30e-05, 5.28e-04, 3.15e-05, 3.46e-04, 9.86e-05, 3.13e-03, 1.33e-04, 1.88e-03, 7.21e-05, 5.88e-04]    [1.47e-07, 1.33e-09, 8.18e-08, 7.30e-05, 5.28e-04, 3.15e-05, 3.46e-04, 9.86e-05, 3.13e-03, 1.33e-04, 1.88e-03, 7.21e-05, 5.88e-04]    []  
20000     [5.12e-07, 8.77e-10, 1.44e-07, 2.08e-04, 2.51e-03, 8.39e-05, 1.13e-02, 5.64e-04, 1.00e-02, 2.36e-04, 6.48e-03, 1.48e-04, 2.90e-03]    [9.07e-08, 6.99e-10, 4.17e-08, 2.08e-04, 2.51e-03, 8.39e-05, 1.13e-02, 5.64e-04, 1.00e-02, 2.36e-04, 6.48e-03, 1.48e-04, 2.90e-03]    []  
28000     [1.04e-06, 1.55e-09, 2.28e-07, 9.43e-05, 4.82e-04, 2.69e-05, 3.25e-04, 2.56e-04, 3.19e-03, 1.38e-04, 1.78e-03, 7.29e-05, 5.68e-04]    [1.46e-07, 1.39e-09, 8.23e-08, 9.43e-05, 4.82e-04, 2.69e-05, 3.25e-04, 2.56e-04, 3.19e-03, 1.38e-04, 1.78e-03, 7.29e-05, 5.68e-04]    []  
21000     [4.97e-07, 7.53e-10, 1.50e-07, 1.82e-04, 2.33e-03, 7.12e-05, 1.08e-02, 2.61e-04, 9.66e-03, 1.50e-04, 6.10e-03, 1.41e-04, 2.68e-03]    [9.00e-08, 5.97e-10, 3.93e-08, 1.82e-04, 2.33e-03, 7.12e-05, 1.08e-02, 2.61e-04, 9.66e-03, 1.50e-04, 6.10e-03, 1.41e-04, 2.68e-03]    []  
29000     [1.03e-06, 1.62e-09, 2.26e-07, 5.88e-05, 4.55e-04, 2.63e-05, 3.07e-04, 2.24e-04, 2.94e-03, 1.48e-04, 1.64e-03, 6.49e-05, 5.58e-04]    [1.47e-07, 1.43e-09, 8.25e-08, 5.88e-05, 4.55e-04, 2.63e-05, 3.07e-04, 2.24e-04, 2.94e-03, 1.48e-04, 1.64e-03, 6.49e-05, 5.58e-04]    []  
30000     [1.03e-06, 1.67e-09, 2.22e-07, 4.38e-05, 4.16e-04, 2.36e-05, 2.91e-04, 6.37e-05, 2.94e-03, 1.27e-04, 1.56e-03, 6.24e-05, 5.48e-04]    [1.46e-07, 1.47e-09, 8.28e-08, 4.38e-05, 4.16e-04, 2.36e-05, 2.91e-04, 6.37e-05, 2.94e-03, 1.27e-04, 1.56e-03, 6.24e-05, 5.48e-04]    []  
22000     [4.88e-07, 6.76e-10, 1.58e-07, 1.64e-04, 2.21e-03, 6.80e-05, 1.04e-02, 3.70e-04, 9.27e-03, 1.74e-04, 5.76e-03, 1.38e-04, 2.51e-03]    [8.90e-08, 5.36e-10, 3.71e-08, 1.64e-04, 2.21e-03, 6.80e-05, 1.04e-02, 3.70e-04, 9.27e-03, 1.74e-04, 5.76e-03, 1.38e-04, 2.51e-03]    []  
31000     [1.03e-06, 1.72e-09, 2.19e-07, 8.68e-05, 4.01e-04, 2.42e-05, 2.78e-04, 7.02e-04, 2.77e-03, 1.80e-04, 1.46e-03, 6.13e-05, 5.49e-04]    [1.46e-07, 1.49e-09, 8.29e-08, 8.68e-05, 4.01e-04, 2.42e-05, 2.78e-04, 7.02e-04, 2.77e-03, 1.80e-04, 1.46e-03, 6.13e-05, 5.49e-04]    []  
23000     [4.84e-07, 6.34e-10, 1.64e-07, 1.55e-04, 2.09e-03, 6.58e-05, 9.96e-03, 2.85e-04, 9.05e-03, 1.26e-04, 5.55e-03, 1.30e-04, 2.37e-03]    [8.76e-08, 5.01e-10, 3.50e-08, 1.55e-04, 2.09e-03, 6.58e-05, 9.96e-03, 2.85e-04, 9.05e-03, 1.26e-04, 5.55e-03, 1.30e-04, 2.37e-03]    []  
32000     [1.02e-06, 1.75e-09, 2.14e-07, 3.21e-05, 3.61e-04, 2.15e-05, 2.63e-04, 5.69e-05, 2.82e-03, 1.20e-04, 1.39e-03, 5.72e-05, 5.42e-04]    [1.46e-07, 1.52e-09, 8.31e-08, 3.21e-05, 3.61e-04, 2.15e-05, 2.63e-04, 5.69e-05, 2.82e-03, 1.20e-04, 1.39e-03, 5.72e-05, 5.42e-04]    []  
24000     [4.82e-07, 6.14e-10, 1.71e-07, 1.44e-04, 1.99e-03, 6.34e-05, 9.53e-03, 2.93e-04, 8.81e-03, 1.14e-04, 5.35e-03, 1.23e-04, 2.25e-03]    [8.62e-08, 4.82e-10, 3.31e-08, 1.44e-04, 1.99e-03, 6.34e-05, 9.53e-03, 2.93e-04, 8.81e-03, 1.14e-04, 5.35e-03, 1.23e-04, 2.25e-03]    []  
33000     [1.02e-06, 1.78e-09, 2.09e-07, 2.79e-05, 3.39e-04, 2.30e-05, 2.63e-04, 4.70e-05, 2.76e-03, 1.16e-04, 1.33e-03, 5.52e-05, 5.42e-04]    [1.46e-07, 1.55e-09, 8.32e-08, 2.79e-05, 3.39e-04, 2.30e-05, 2.63e-04, 4.70e-05, 2.76e-03, 1.16e-04, 1.33e-03, 5.52e-05, 5.42e-04]    []  
34000     [1.01e-06, 1.81e-09, 2.05e-07, 2.44e-05, 3.17e-04, 2.05e-05, 2.38e-04, 4.92e-05, 2.69e-03, 1.11e-04, 1.26e-03, 5.25e-05, 5.41e-04]    [1.45e-07, 1.57e-09, 8.33e-08, 2.44e-05, 3.17e-04, 2.05e-05, 2.38e-04, 4.92e-05, 2.69e-03, 1.11e-04, 1.26e-03, 5.25e-05, 5.41e-04]    []  
25000     [4.81e-07, 6.08e-10, 1.77e-07, 1.35e-04, 1.90e-03, 6.00e-05, 9.07e-03, 2.85e-04, 8.59e-03, 9.89e-05, 5.18e-03, 1.17e-04, 2.15e-03]    [8.48e-08, 4.73e-10, 3.13e-08, 1.35e-04, 1.90e-03, 6.00e-05, 9.07e-03, 2.85e-04, 8.59e-03, 9.89e-05, 5.18e-03, 1.17e-04, 2.15e-03]    []  
35000     [1.01e-06, 1.84e-09, 2.02e-07, 7.57e-05, 3.12e-04, 2.19e-05, 2.27e-04, 6.75e-04, 2.54e-03, 1.52e-04, 1.20e-03, 5.15e-05, 5.49e-04]    [1.45e-07, 1.59e-09, 8.33e-08, 7.57e-05, 3.12e-04, 2.19e-05, 2.27e-04, 6.75e-04, 2.54e-03, 1.52e-04, 1.20e-03, 5.15e-05, 5.49e-04]    []  
26000     [4.80e-07, 6.10e-10, 1.82e-07, 1.28e-04, 1.81e-03, 5.58e-05, 8.58e-03, 2.75e-04, 8.39e-03, 8.51e-05, 5.03e-03, 1.10e-04, 2.06e-03]    [8.34e-08, 4.68e-10, 2.97e-08, 1.28e-04, 1.81e-03, 5.58e-05, 8.58e-03, 2.75e-04, 8.39e-03, 8.51e-05, 5.03e-03, 1.10e-04, 2.06e-03]    []  
36000     [1.00e-06, 1.86e-09, 1.97e-07, 1.92e-05, 2.83e-04, 2.08e-05, 2.16e-04, 4.33e-05, 2.57e-03, 1.04e-04, 1.15e-03, 4.79e-05, 5.42e-04]    [1.45e-07, 1.61e-09, 8.34e-08, 1.92e-05, 2.83e-04, 2.08e-05, 2.16e-04, 4.33e-05, 2.57e-03, 1.04e-04, 1.15e-03, 4.79e-05, 5.42e-04]    []  
27000     [4.79e-07, 6.15e-10, 1.88e-07, 1.14e-04, 1.73e-03, 5.33e-05, 8.04e-03, 2.84e-04, 8.16e-03, 8.60e-05, 4.87e-03, 1.04e-04, 1.99e-03]    [8.21e-08, 4.66e-10, 2.81e-08, 1.14e-04, 1.73e-03, 5.33e-05, 8.04e-03, 2.84e-04, 8.16e-03, 8.60e-05, 4.87e-03, 1.04e-04, 1.99e-03]    []  
37000     [9.95e-07, 1.89e-09, 1.93e-07, 1.73e-05, 2.68e-04, 2.11e-05, 2.06e-04, 4.01e-05, 2.51e-03, 9.99e-05, 1.10e-03, 4.56e-05, 5.41e-04]    [1.45e-07, 1.63e-09, 8.34e-08, 1.73e-05, 2.68e-04, 2.11e-05, 2.06e-04, 4.01e-05, 2.51e-03, 9.99e-05, 1.10e-03, 4.56e-05, 5.41e-04]    []  
38000     [9.88e-07, 1.91e-09, 1.88e-07, 1.60e-05, 2.55e-04, 2.17e-05, 1.96e-04, 3.42e-05, 2.45e-03, 9.57e-05, 1.06e-03, 4.34e-05, 5.41e-04]    [1.44e-07, 1.65e-09, 8.33e-08, 1.60e-05, 2.55e-04, 2.17e-05, 1.96e-04, 3.42e-05, 2.45e-03, 9.57e-05, 1.06e-03, 4.34e-05, 5.41e-04]    []  
28000     [4.79e-07, 6.23e-10, 1.93e-07, 1.04e-04, 1.65e-03, 4.99e-05, 7.45e-03, 2.77e-04, 7.96e-03, 8.13e-05, 4.74e-03, 9.86e-05, 1.92e-03]    [8.09e-08, 4.66e-10, 2.68e-08, 1.04e-04, 1.65e-03, 4.99e-05, 7.45e-03, 2.77e-04, 7.96e-03, 8.13e-05, 4.74e-03, 9.86e-05, 1.92e-03]    []  
39000     [9.81e-07, 1.92e-09, 1.84e-07, 1.50e-05, 2.45e-04, 2.21e-05, 1.86e-04, 5.46e-05, 2.37e-03, 9.37e-05, 1.02e-03, 4.06e-05, 5.41e-04]    [1.44e-07, 1.66e-09, 8.33e-08, 1.50e-05, 2.45e-04, 2.21e-05, 1.86e-04, 5.46e-05, 2.37e-03, 9.37e-05, 1.02e-03, 4.06e-05, 5.41e-04]    []  
29000     [4.79e-07, 6.33e-10, 1.97e-07, 9.28e-05, 1.57e-03, 4.65e-05, 6.79e-03, 2.73e-04, 7.77e-03, 7.91e-05, 4.62e-03, 9.46e-05, 1.87e-03]    [7.98e-08, 4.67e-10, 2.56e-08, 9.28e-05, 1.57e-03, 4.65e-05, 6.79e-03, 2.73e-04, 7.77e-03, 7.91e-05, 4.62e-03, 9.46e-05, 1.87e-03]    []  
40000     [9.73e-07, 1.94e-09, 1.80e-07, 1.39e-05, 2.34e-04, 2.27e-05, 1.77e-04, 2.97e-05, 2.33e-03, 8.80e-05, 9.75e-04, 3.87e-05, 5.40e-04]    [1.43e-07, 1.67e-09, 8.31e-08, 1.39e-05, 2.34e-04, 2.27e-05, 1.77e-04, 2.97e-05, 2.33e-03, 8.80e-05, 9.75e-04, 3.87e-05, 5.40e-04]    []  
41000     [9.68e-07, 1.95e-09, 1.76e-07, 1.42e-05, 2.27e-04, 2.55e-05, 1.87e-04, 3.89e-05, 2.26e-03, 8.57e-05, 9.39e-04, 3.69e-05, 5.39e-04]    [1.43e-07, 1.67e-09, 8.29e-08, 1.42e-05, 2.27e-04, 2.55e-05, 1.87e-04, 3.89e-05, 2.26e-03, 8.57e-05, 9.39e-04, 3.69e-05, 5.39e-04]    []  
30000     [4.79e-07, 6.43e-10, 2.01e-07, 8.12e-05, 1.51e-03, 4.50e-05, 6.08e-03, 3.18e-04, 7.56e-03, 9.35e-05, 4.49e-03, 9.22e-05, 1.82e-03]    [7.88e-08, 4.68e-10, 2.46e-08, 8.12e-05, 1.51e-03, 4.50e-05, 6.08e-03, 3.18e-04, 7.56e-03, 9.35e-05, 4.49e-03, 9.22e-05, 1.82e-03]    []  
42000     [9.57e-07, 1.96e-09, 1.72e-07, 1.28e-05, 2.19e-04, 2.39e-05, 1.60e-04, 2.89e-05, 2.21e-03, 8.06e-05, 9.01e-04, 3.42e-05, 5.36e-04]    [1.42e-07, 1.67e-09, 8.28e-08, 1.28e-05, 2.19e-04, 2.39e-05, 1.60e-04, 2.89e-05, 2.21e-03, 8.06e-05, 9.01e-04, 3.42e-05, 5.36e-04]    []  
31000     [4.77e-07, 6.55e-10, 2.02e-07, 7.68e-05, 1.44e-03, 4.04e-05, 5.30e-03, 2.60e-04, 7.41e-03, 7.56e-05, 4.39e-03, 9.06e-05, 1.77e-03]    [7.77e-08, 4.69e-10, 2.36e-08, 7.68e-05, 1.44e-03, 4.04e-05, 5.30e-03, 2.60e-04, 7.41e-03, 7.56e-05, 4.39e-03, 9.06e-05, 1.77e-03]    []  
43000     [9.49e-07, 1.96e-09, 1.68e-07, 1.42e-05, 2.12e-04, 2.45e-05, 1.51e-04, 2.31e-05, 2.18e-03, 7.64e-05, 8.67e-04, 3.30e-05, 5.33e-04]    [1.41e-07, 1.67e-09, 8.26e-08, 1.42e-05, 2.12e-04, 2.45e-05, 1.51e-04, 2.31e-05, 2.18e-03, 7.64e-05, 8.67e-04, 3.30e-05, 5.33e-04]    []  
32000     [4.75e-07, 6.70e-10, 2.02e-07, 7.15e-05, 1.39e-03, 3.88e-05, 4.51e-03, 2.47e-04, 7.25e-03, 7.19e-05, 4.29e-03, 9.02e-05, 1.73e-03]    [7.68e-08, 4.72e-10, 2.28e-08, 7.15e-05, 1.39e-03, 3.88e-05, 4.51e-03, 2.47e-04, 7.25e-03, 7.19e-05, 4.29e-03, 9.02e-05, 1.73e-03]    []  
44000     [9.39e-07, 1.97e-09, 1.64e-07, 1.20e-05, 2.09e-04, 2.54e-05, 1.54e-04, 2.38e-05, 2.10e-03, 7.35e-05, 8.38e-04, 3.08e-05, 5.39e-04]    [1.40e-07, 1.66e-09, 8.24e-08, 1.20e-05, 2.09e-04, 2.54e-05, 1.54e-04, 2.38e-05, 2.10e-03, 7.35e-05, 8.38e-04, 3.08e-05, 5.39e-04]    []  
45000     [9.34e-07, 1.97e-09, 1.60e-07, 1.20e-05, 2.03e-04, 2.56e-05, 1.37e-04, 3.10e-05, 2.04e-03, 7.08e-05, 8.03e-04, 2.84e-05, 5.28e-04]    [1.40e-07, 1.65e-09, 8.21e-08, 1.20e-05, 2.03e-04, 2.56e-05, 1.37e-04, 3.10e-05, 2.04e-03, 7.08e-05, 8.03e-04, 2.84e-05, 5.28e-04]    []  
33000     [4.71e-07, 6.89e-10, 2.02e-07, 6.76e-05, 1.34e-03, 3.84e-05, 3.74e-03, 2.34e-04, 7.10e-03, 6.86e-05, 4.19e-03, 9.05e-05, 1.69e-03]    [7.61e-08, 4.77e-10, 2.22e-08, 6.76e-05, 1.34e-03, 3.84e-05, 3.74e-03, 2.34e-04, 7.10e-03, 6.86e-05, 4.19e-03, 9.05e-05, 1.69e-03]    []  
46000     [9.26e-07, 1.97e-09, 1.57e-07, 1.26e-05, 2.00e-04, 2.61e-05, 1.30e-04, 1.99e-05, 2.01e-03, 6.68e-05, 7.74e-04, 2.78e-05, 5.25e-04]    [1.39e-07, 1.63e-09, 8.18e-08, 1.26e-05, 2.00e-04, 2.61e-05, 1.30e-04, 1.99e-05, 2.01e-03, 6.68e-05, 7.74e-04, 2.78e-05, 5.25e-04]    []  
34000     [4.68e-07, 7.11e-10, 2.01e-07, 1.51e-04, 1.28e-03, 3.41e-05, 3.07e-03, 6.03e-04, 7.14e-03, 6.30e-05, 4.16e-03, 9.17e-05, 1.66e-03]    [7.53e-08, 4.83e-10, 2.17e-08, 1.51e-04, 1.28e-03, 3.41e-05, 3.07e-03, 6.03e-04, 7.14e-03, 6.30e-05, 4.16e-03, 9.17e-05, 1.66e-03]    []  
47000     [9.19e-07, 1.96e-09, 1.53e-07, 1.15e-05, 1.96e-04, 2.65e-05, 1.23e-04, 2.17e-05, 1.93e-03, 6.43e-05, 7.46e-04, 2.56e-05, 5.19e-04]    [1.39e-07, 1.61e-09, 8.14e-08, 1.15e-05, 1.96e-04, 2.65e-05, 1.23e-04, 2.17e-05, 1.93e-03, 6.43e-05, 7.46e-04, 2.56e-05, 5.19e-04]    []  
35000     [4.63e-07, 7.34e-10, 2.02e-07, 5.76e-05, 1.24e-03, 4.01e-05, 2.50e-03, 2.18e-04, 6.78e-03, 7.30e-05, 3.98e-03, 9.11e-05, 1.62e-03]    [7.47e-08, 4.89e-10, 2.11e-08, 5.76e-05, 1.24e-03, 4.01e-05, 2.50e-03, 2.18e-04, 6.78e-03, 7.30e-05, 3.98e-03, 9.11e-05, 1.62e-03]    []  
48000     [9.12e-07, 1.96e-09, 1.50e-07, 1.13e-05, 1.94e-04, 2.69e-05, 1.17e-04, 2.05e-05, 1.88e-03, 6.15e-05, 7.19e-04, 2.43e-05, 5.15e-04]    [1.38e-07, 1.58e-09, 8.11e-08, 1.13e-05, 1.94e-04, 2.69e-05, 1.17e-04, 2.05e-05, 1.88e-03, 6.15e-05, 7.19e-04, 2.43e-05, 5.15e-04]    []  
49000     [9.06e-07, 1.95e-09, 1.47e-07, 1.12e-05, 1.92e-04, 2.73e-05, 1.12e-04, 2.24e-05, 1.82e-03, 5.90e-05, 6.93e-04, 2.30e-05, 5.10e-04]    [1.37e-07, 1.56e-09, 8.07e-08, 1.12e-05, 1.92e-04, 2.73e-05, 1.12e-04, 2.24e-05, 1.82e-03, 5.90e-05, 6.93e-04, 2.30e-05, 5.10e-04]    []  
36000     [4.57e-07, 7.57e-10, 2.01e-07, 5.16e-05, 1.20e-03, 4.41e-05, 2.09e-03, 2.33e-04, 6.61e-03, 8.52e-05, 3.87e-03, 9.04e-05, 1.59e-03]    [7.40e-08, 4.95e-10, 2.06e-08, 5.16e-05, 1.20e-03, 4.41e-05, 2.09e-03, 2.33e-04, 6.61e-03, 8.52e-05, 3.87e-03, 9.04e-05, 1.59e-03]    []  
50000     [9.00e-07, 1.93e-09, 1.44e-07, 1.11e-05, 1.90e-04, 2.76e-05, 1.07e-04, 1.89e-05, 1.77e-03, 5.64e-05, 6.69e-04, 2.21e-05, 5.04e-04]    [1.36e-07, 1.53e-09, 8.03e-08, 1.11e-05, 1.90e-04, 2.76e-05, 1.07e-04, 1.89e-05, 1.77e-03, 5.64e-05, 6.69e-04, 2.21e-05, 5.04e-04]    []  
37000     [4.53e-07, 7.76e-10, 1.99e-07, 5.66e-05, 1.14e-03, 4.47e-05, 1.80e-03, 1.93e-04, 6.49e-03, 7.45e-05, 3.79e-03, 8.94e-05, 1.55e-03]    [7.34e-08, 5.00e-10, 2.00e-08, 5.66e-05, 1.14e-03, 4.47e-05, 1.80e-03, 1.93e-04, 6.49e-03, 7.45e-05, 3.79e-03, 8.94e-05, 1.55e-03]    []  
51000     [8.96e-07, 1.92e-09, 1.41e-07, 1.16e-05, 1.95e-04, 2.95e-05, 1.10e-04, 1.94e-05, 1.72e-03, 5.40e-05, 6.46e-04, 2.17e-05, 4.99e-04]    [1.35e-07, 1.49e-09, 7.99e-08, 1.16e-05, 1.95e-04, 2.95e-05, 1.10e-04, 1.94e-05, 1.72e-03, 5.40e-05, 6.46e-04, 2.17e-05, 4.99e-04]    []  
38000     [4.47e-07, 7.92e-10, 1.97e-07, 5.10e-05, 1.09e-03, 4.62e-05, 1.61e-03, 1.88e-04, 6.31e-03, 8.47e-05, 3.68e-03, 8.75e-05, 1.51e-03]    [7.26e-08, 5.04e-10, 1.95e-08, 5.10e-05, 1.09e-03, 4.62e-05, 1.61e-03, 1.88e-04, 6.31e-03, 8.47e-05, 3.68e-03, 8.75e-05, 1.51e-03]    []  
52000     [8.90e-07, 1.89e-09, 1.38e-07, 1.10e-05, 1.88e-04, 2.81e-05, 9.75e-05, 1.40e-05, 1.67e-03, 5.14e-05, 6.24e-04, 2.06e-05, 4.90e-04]    [1.34e-07, 1.45e-09, 7.94e-08, 1.10e-05, 1.88e-04, 2.81e-05, 9.75e-05, 1.40e-05, 1.67e-03, 5.14e-05, 6.24e-04, 2.06e-05, 4.90e-04]    []  
53000     [8.86e-07, 1.87e-09, 1.36e-07, 1.08e-05, 1.88e-04, 2.85e-05, 9.40e-05, 1.80e-05, 1.62e-03, 4.94e-05, 6.03e-04, 1.92e-05, 4.83e-04]    [1.33e-07, 1.41e-09, 7.90e-08, 1.08e-05, 1.88e-04, 2.85e-05, 9.40e-05, 1.80e-05, 1.62e-03, 4.94e-05, 6.03e-04, 1.92e-05, 4.83e-04]    []  
39000     [4.44e-07, 8.06e-10, 1.94e-07, 5.06e-05, 1.04e-03, 4.45e-05, 1.48e-03, 1.79e-04, 6.15e-03, 9.22e-05, 3.60e-03, 8.53e-05, 1.48e-03]    [7.22e-08, 5.08e-10, 1.89e-08, 5.06e-05, 1.04e-03, 4.45e-05, 1.48e-03, 1.79e-04, 6.15e-03, 9.22e-05, 3.60e-03, 8.53e-05, 1.48e-03]    []  
54000     [8.84e-07, 1.84e-09, 1.33e-07, 1.21e-05, 1.89e-04, 3.52e-05, 1.10e-04, 1.43e-05, 1.57e-03, 4.86e-05, 5.87e-04, 2.11e-05, 4.75e-04]    [1.33e-07, 1.37e-09, 7.86e-08, 1.21e-05, 1.89e-04, 3.52e-05, 1.10e-04, 1.43e-05, 1.57e-03, 4.86e-05, 5.87e-04, 2.11e-05, 4.75e-04]    []  
40000     [4.39e-07, 8.17e-10, 1.90e-07, 5.01e-05, 9.99e-04, 4.86e-05, 1.39e-03, 1.82e-04, 5.99e-03, 9.97e-05, 3.51e-03, 8.27e-05, 1.44e-03]    [7.14e-08, 5.10e-10, 1.84e-08, 5.01e-05, 9.99e-04, 4.86e-05, 1.39e-03, 1.82e-04, 5.99e-03, 9.97e-05, 3.51e-03, 8.27e-05, 1.44e-03]    []  
55000     [8.79e-07, 1.80e-09, 1.31e-07, 1.03e-05, 1.88e-04, 2.88e-05, 8.76e-05, 1.82e-05, 1.52e-03, 4.50e-05, 5.66e-04, 1.78e-05, 4.67e-04]    [1.32e-07, 1.33e-09, 7.81e-08, 1.03e-05, 1.88e-04, 2.88e-05, 8.76e-05, 1.82e-05, 1.52e-03, 4.50e-05, 5.66e-04, 1.78e-05, 4.67e-04]    []  
41000     [4.35e-07, 8.27e-10, 1.85e-07, 5.26e-05, 9.56e-04, 4.78e-05, 1.33e-03, 1.64e-04, 5.85e-03, 9.97e-05, 3.45e-03, 8.00e-05, 1.41e-03]    [7.08e-08, 5.13e-10, 1.80e-08, 5.26e-05, 9.56e-04, 4.78e-05, 1.33e-03, 1.64e-04, 5.85e-03, 9.97e-05, 3.45e-03, 8.00e-05, 1.41e-03]    []  
56000     [8.77e-07, 1.76e-09, 1.29e-07, 1.02e-05, 1.88e-04, 2.89e-05, 8.53e-05, 1.22e-05, 1.48e-03, 4.27e-05, 5.49e-04, 1.78e-05, 4.58e-04]    [1.31e-07, 1.28e-09, 7.77e-08, 1.02e-05, 1.88e-04, 2.89e-05, 8.53e-05, 1.22e-05, 1.48e-03, 4.27e-05, 5.49e-04, 1.78e-05, 4.58e-04]    []  
57000     [8.76e-07, 1.72e-09, 1.27e-07, 1.39e-05, 1.89e-04, 2.90e-05, 8.37e-05, 7.24e-05, 1.41e-03, 4.29e-05, 5.34e-04, 1.63e-05, 4.51e-04]    [1.30e-07, 1.24e-09, 7.73e-08, 1.39e-05, 1.89e-04, 2.90e-05, 8.37e-05, 7.24e-05, 1.41e-03, 4.29e-05, 5.34e-04, 1.63e-05, 4.51e-04]    []  
42000     [4.31e-07, 8.35e-10, 1.79e-07, 5.84e-05, 9.17e-04, 4.78e-05, 1.30e-03, 1.53e-04, 5.72e-03, 9.58eSaving loss history to ../runs/lr0.0001_lyr4_wid20_actv1_epchs100000_n50_lossw100_nxm2_nym64_alpha4_beta0.5_bctype1/loss.dat ...
Saving training data to ../runs/lr0.0001_lyr4_wid20_actv1_epchs100000_n50_lossw100_nxm2_nym64_alpha4_beta0.5_bctype1/train.dat ...
Saving test data to ../runs/lr0.0001_lyr4_wid20_actv1_epchs100000_n50_lossw100_nxm2_nym64_alpha4_beta0.5_bctype1/test.dat ...
e-05, 1.45e-05, 1.40e-03, 3.88e-05, 5.18e-04, 1.78e-05, 4.39e-04]    []  
43000     [4.30e-07, 8.44e-10, 1.75e-07, 5.37e-05, 8.89e-04, 4.46e-05, 1.24e-03, 1.85e-04, 5.54e-03, 1.19e-04, 3.30e-03, 7.43e-05, 1.35e-03]    [6.98e-08, 5.20e-10, 1.74e-08, 5.37e-05, 8.89e-04, 4.46e-05, 1.24e-03, 1.85e-04, 5.54e-03, 1.19e-04, 3.30e-03, 7.43e-05, 1.35e-03]    []  
59000     [8.73e-07, 1.63e-09, 1.24e-07, 9.47e-06, 1.87e-04, 2.93e-05, 8.11e-05, 2.15e-05, 1.34e-03, 3.73e-05, 5.04e-04, 1.54e-05, 4.30e-04]    [1.28e-07, 1.15e-09, 7.65e-08, 9.47e-06, 1.87e-04, 2.93e-05, 8.11e-05, 2.15e-05, 1.34e-03, 3.73e-05, 5.04e-04, 1.54e-05, 4.30e-04]    []  
60000     [8.73e-07, 1.58e-09, 1.23e-07, 8.74e-06, 1.88e-04, 2.93e-05, 8.44e-05, 1.46e-05, 1.31e-03, 3.53e-05, 4.91e-04, 1.56e-05, 4.19e-04]    [1.27e-07, 1.11e-09, 7.61e-08, 8.74e-06, 1.88e-04, 2.93e-05, 8.44e-05, 1.46e-05, 1.31e-03, 3.53e-05, 4.91e-04, 1.56e-05, 4.19e-04]    []  
44000     [4.27e-07, 8.51e-10, 1.69e-07, 5.65e-05, 8.56e-04, 4.33e-05, 1.22e-03, 1.52e-04, 5.42e-03, 1.12e-04, 3.25e-03, 7.16e-05, 1.32e-03]    [6.93e-08, 5.23e-10, 1.72e-08, 5.65e-05, 8.56e-04, 4.33e-05, 1.22e-03, 1.52e-04, 5.42e-03, 1.12e-04, 3.25e-03, 7.16e-05, 1.32e-03]    []  
61000     [8.72e-07, 1.53e-09, 1.21e-07, 1.27e-05, 1.86e-04, 2.98e-05, 8.00e-05, 2.03e-05, 1.29e-03, 3.35e-05, 4.78e-04, 1.68e-05, 4.08e-04]    [1.26e-07, 1.07e-09, 7.58e-08, 1.27e-05, 1.86e-04, 2.98e-05, 8.00e-05, 2.03e-05, 1.29e-03, 3.35e-05, 4.78e-04, 1.68e-05, 4.08e-04]    []  
45000     [4.25e-07, 8.58e-10, 1.63e-07, 5.78e-05, 8.28e-04, 4.27e-05, 1.19e-03, 1.49e-04, 5.30e-03, 1.15e-04, 3.19e-03, 6.90e-05, 1.30e-03]    [6.88e-08, 5.26e-10, 1.70e-08, 5.78e-05, 8.28e-04, 4.27e-05, 1.19e-03, 1.49e-04, 5.30e-03, 1.15e-04, 3.19e-03, 6.90e-05, 1.30e-03]    []  
62000     [8.73e-07, 1.48e-09, 1.20e-07, 1.14e-05, 1.85e-04, 2.97e-05, 7.98e-05, 1.63e-05, 1.25e-03, 3.17e-05, 4.66e-04, 1.60e-05, 3.98e-04]    [1.25e-07, 1.04e-09, 7.55e-08, 1.14e-05, 1.85e-04, 2.97e-05, 7.98e-05, 1.63e-05, 1.25e-03, 3.17e-05, 4.66e-04, 1.60e-05, 3.98e-04]    []  
46000     [4.24e-07, 8.65e-10, 1.58e-07, 5.90e-05, 8.03e-04, 3.90e-05, 1.18e-03, 1.44e-04, 5.18e-03, 1.19e-04, 3.13e-03, 6.65e-05, 1.28e-03]    [6.86e-08, 5.29e-10, 1.69e-08, 5.90e-05, 8.03e-04, 3.90e-05, 1.18e-03, 1.44e-04, 5.18e-03, 1.19e-04, 3.13e-03, 6.65e-05, 1.28e-03]    []  
63000     [8.73e-07, 1.44e-09, 1.19e-07, 8.05e-06, 1.85e-04, 3.03e-05, 8.03e-05, 1.34e-05, 1.20e-03, 3.03e-05, 4.55e-04, 1.41e-05, 3.88e-04]    [1.24e-07, 1.00e-09, 7.52e-08, 8.05e-06, 1.85e-04, 3.03e-05, 8.03e-05, 1.34e-05, 1.20e-03, 3.03e-05, 4.55e-04, 1.41e-05, 3.88e-04]    []  
64000     [8.74e-07, 1.39e-09, 1.19e-07, 7.50e-06, 1.83e-04, 2.95e-05, 8.06e-05, 1.28e-05, 1.17e-03, 2.87e-05, 4.44e-04, 1.36e-05, 3.77e-04]    [1.23e-07, 9.70e-10, 7.50e-08, 7.50e-06, 1.83e-04, 2.95e-05, 8.06e-05, 1.28e-05, 1.17e-03, 2.87e-05, 4.44e-04, 1.36e-05, 3.77e-04]    []  
47000     [4.19e-07, 8.70e-10, 1.51e-07, 6.47e-05, 7.77e-04, 4.17e-05, 1.15e-03, 1.39e-04, 5.08e-03, 1.11e-04, 3.09e-03, 6.41e-05, 1.25e-03]    [6.77e-08, 5.32e-10, 1.68e-08, 6.47e-05, 7.77e-04, 4.17e-05, 1.15e-03, 1.39e-04, 5.08e-03, 1.11e-04, 3.09e-03, 6.41e-05, 1.25e-03]    []  
65000     [8.74e-07, 1.35e-09, 1.18e-07, 2.77e-05, 1.84e-04, 3.08e-05, 8.22e-05, 9.16e-05, 1.19e-03, 2.86e-05, 4.34e-04, 1.97e-05, 3.65e-04]    [1.22e-07, 9.40e-10, 7.47e-08, 2.77e-05, 1.84e-04, 3.08e-05, 8.22e-05, 9.16e-05, 1.19e-03, 2.86e-05, 4.34e-04, 1.97e-05, 3.65e-04]    []  
48000     [4.17e-07, 8.76e-10, 1.46e-07, 6.32e-05, 7.56e-04, 4.03e-05, 1.12e-03, 1.37e-04, 4.96e-03, 1.15e-04, 3.03e-03, 6.19e-05, 1.23e-03]    [6.74e-08, 5.34e-10, 1.66e-08, 6.32e-05, 7.56e-04, 4.03e-05, 1.12e-03, 1.37e-04, 4.96e-03, 1.15e-04, 3.03e-03, 6.19e-05, 1.23e-03]    []  
66000     [8.76e-07, 1.31e-09, 1.17e-07, 7.06e-06, 1.80e-04, 2.95e-05, 8.18e-05, 1.01e-05, 1.11e-03, 2.59e-05, 4.25e-04, 1.34e-05, 3.56e-04]    [1.22e-07, 9.13e-10, 7.46e-08, 7.06e-06, 1.80e-04, 2.95e-05, 8.18e-05, 1.01e-05, 1.11e-03, 2.59e-05, 4.25e-04, 1.34e-05, 3.56e-04]    []  
49000     [4.14e-07, 8.80e-10, 1.40e-07, 5.96e-05, 7.39e-04, 4.11e-05, 1.10e-03, 1.46e-04, 4.83e-03, 1.23e-04, 2.97e-03, 5.98e-05, 1.21e-03]    [6.70e-08, 5.37e-10, 1.65e-08, 5.96e-05, 7.39e-04, 4.11e-05, 1.10e-03, 1.46e-04, 4.83e-03, 1.23e-04, 2.97e-03, 5.98e-05, 1.21e-03]    []  
67000     [8.77e-07, 1.27e-09, 1.17e-07, 7.19e-06, 1.78e-04, 3.05e-05, 8.54e-05, 1.11e-05, 1.08e-03, 2.45e-05, 4.16e-04, 1.25e-05, 3.47e-04]    [1.21e-07, 8.88e-10, 7.44e-08, 7.19e-06, 1.78e-04, 3.05e-05, 8.54e-05, 1.11e-05, 1.08e-03, 2.45e-05, 4.16e-04, 1.25e-05, 3.47e-04]    []  
68000     [8.79e-07, 1.24e-09, 1.16e-07, 6.27e-06, 1.77e-04, 2.93e-05, 8.33e-05, 1.58e-05, 1.05e-03, 2.35e-05, 4.07e-04, 1.21e-05, 3.37e-04]    [1.20e-07, 8.65e-10, 7.43e-08, 6.27e-06, 1.77e-04, 2.93e-05, 8.33e-05, 1.58e-05, 1.05e-03, 2.35e-05, 4.07e-04, 1.21e-05, 3.37e-04]    []  
50000     [4.11e-07, 8.83e-10, 1.34e-07, 5.87e-05, 7.21e-04, 4.44e-05, 1.09e-03, 1.54e-04, 4.72e-03, 1.25e-04, 2.91e-03, 5.78e-05, 1.20e-03]    [6.65e-08, 5.39e-10, 1.65e-08, 5.87e-05, 7.21e-04, 4.44e-05, 1.09e-03, 1.54e-04, 4.72e-03, 1.25e-04, 2.91e-03, 5.78e-05, 1.20e-03]    []  
69000     [8.80e-07, 1.21e-09, 1.16e-07, 5.95e-06, 1.74e-04, 2.92e-05, 8.41e-05, 1.03e-05, 1.03e-03, 2.22e-05, 3.98e-04, 1.23e-05, 3.26e-04]    [1.20e-07, 8.45e-10, 7.42e-08, 5.95e-06, 1.74e-04, 2.92e-05, 8.41e-05, 1.03e-05, 1.03e-03, 2.22e-05, 3.98e-04, 1.23e-05, 3.26e-04]    []  
51000     [4.10e-07, 8.87e-10, 1.30e-07, 5.90e-05, 7.02e-04, 4.45e-05, 1.07e-03, 1.46e-04, 4.63e-03, 1.23e-04, 2.86e-03, 5.63e-05, 1.18e-03]    [6.64e-08, 5.41e-10, 1.64e-08, 5.90e-05, 7.02e-04, 4.45e-05, 1.07e-03, 1.46e-04, 4.63e-03, 1.23e-04, 2.86e-03, 5.63e-05, 1.18e-03]    []  
70000     [8.81e-07, 1.18e-09, 1.16e-07, 5.59e-06, 1.72e-04, 2.91e-05, 8.49e-05, 1.16e-05, 1.00e-03, 2.11e-05, 3.90e-04, 1.18e-05, 3.17e-04]    [1.19e-07, 8.27e-10, 7.41e-08, 5.59e-06, 1.72e-04, 2.91e-05, 8.49e-05, 1.16e-05, 1.00e-03, 2.11e-05, 3.90e-04, 1.18e-05, 3.17e-04]    []  
52000     [4.07e-07, 8.89e-10, 1.25e-07, 5.88e-05, 6.84e-04, 3.97e-05, 1.05e-03, 1.41e-04, 4.54e-03, 1.22e-04, 2.81e-03, 5.45e-05, 1.16e-03]    [6.59e-08, 5.42e-10, 1.63e-08, 5.88e-05, 6.84e-04, 3.97e-05, 1.05e-03, 1.41e-04, 4.54e-03, 1.22e-04, 2.81e-03, 5.45e-05, 1.16e-03]    []  
71000     [8.83e-07, 1.15e-09, 1.15e-07, 5.32e-06, 1.69e-04, 2.89e-05, 8.57e-05, 1.18e-05, 9.80e-04, 2.01e-05, 3.82e-04, 1.16e-05, 3.08e-04]    [1.18e-07, 8.11e-10, 7.41e-08, 5.32e-06, 1.69e-04, 2.89e-05, 8.57e-05, 1.18e-05, 9.80e-04, 2.01e-05, 3.82e-04, 1.16e-05, 3.08e-04]    []  
72000     [8.84e-07, 1.13e-09, 1.15e-07, 5.10e-06, 1.66e-04, 2.88e-05, 8.64e-05, 1.12e-05, 9.57e-04, 1.92e-05, 3.75e-04, 1.14e-05, 2.99e-04]    [1.18e-07, 7.98e-10, 7.40e-08, 5.10e-06, 1.66e-04, 2.88e-05, 8.64e-05, 1.12e-05, 9.57e-04, 1.92e-05, 3.75e-04, 1.14e-05, 2.99e-04]    []  
53000     [4.05e-07, 8.90e-10, 1.21e-07, 5.58e-05, 6.70e-04, 4.16e-05, 1.03e-03, 1.61e-04, 4.43e-03, 1.29e-04, 2.75e-03, 5.30e-05, 1.15e-03]    [6.55e-08, 5.43e-10, 1.62e-08, 5.58e-05, 6.70e-04, 4.16e-05, 1.03e-03, 1.61e-04, 4.43e-03, 1.29e-04, 2.75e-03, 5.30e-05, 1.15e-03]    []  
73000     [8.85e-07, 1.10e-09, 1.15e-07, 7.21e-06, 1.65e-04, 3.06e-05, 8.78e-05, 2.27e-05, 9.28e-04, 1.93e-05, 3.68e-04, 1.09e-05, 2.91e-04]    [1.17e-07, 7.86e-10, 7.41e-08, 7.21e-06, 1.65e-04, 3.06e-05, 8.78e-05, 2.27e-05, 9.28e-04, 1.93e-05, 3.68e-04, 1.09e-05, 2.91e-04]    []  
54000     [4.03e-07, 8.91e-10, 1.17e-07, 5.52e-05, 6.53e-04, 4.71e-05, 1.01e-03, 1.56e-04, 4.35e-03, 1.23e-04, 2.70e-03, 5.20e-05, 1.13e-03]    [6.52e-08, 5.44e-10, 1.61e-08, 5.52e-05, 6.53e-04, 4.71e-05, 1.01e-03, 1.56e-04, 4.35e-03, 1.23e-04, 2.70e-03, 5.20e-05, 1.13e-03]    []  
74000     [8.87e-07, 1.08e-09, 1.15e-07, 4.70e-06, 1.61e-04, 2.84e-05, 8.77e-05, 1.09e-05, 9.14e-04, 1.75e-05, 3.60e-04, 1.10e-05, 2.82e-04]    [1.17e-07, 7.76e-10, 7.41e-08, 4.70e-06, 1.61e-04, 2.84e-05, 8.77e-05, 1.09e-05, 9.14e-04, 1.75e-05, 3.60e-04, 1.10e-05, 2.82e-04]    []  
55000     [4.00e-07, 8.90e-10, 1.13e-07, 5.43e-05, 6.37e-04, 4.28e-05, 1.00e-03, 1.47e-04, 4.27e-03, 1.21e-04, 2.66e-03, 5.04e-05, 1.12e-03]    [6.47e-08, 5.44e-10, 1.60e-08, 5.43e-05, 6.37e-04, 4.28e-05, 1.00e-03, 1.47e-04, 4.27e-03, 1.21e-04, 2.66e-03, 5.04e-05, 1.12e-03]    []  
75000     [8.88e-07, 1.07e-09, 1.14e-07, 4.53e-06, 1.58e-04, 2.82e-05, 8.82e-05, 1.08e-05, 8.94e-04, 1.68e-05, 3.53e-04, 1.08e-05, 2.73e-04]    [1.16e-07, 7.68e-10, 7.41e-08, 4.53e-06, 1.58e-04, 2.82e-05, 8.82e-05, 1.08e-05, 8.94e-04, 1.68e-05, 3.53e-04, 1.08e-05, 2.73e-04]    []  
76000     [8.89e-07, 1.05e-09, 1.14e-07, 4.84e-06, 1.55e-04, 2.80e-05, 8.92e-05, 9.49e-06, 8.80e-04, 1.61e-05, 3.46e-04, 1.18e-05, 2.65e-04]    [1.16e-07, 7.61e-10, 7.42e-08, 4.84e-06, 1.55e-04, 2.80e-05, 8.92e-05, 9.49e-06, 8.80e-04, 1.61e-05, 3.46e-04, 1.18e-05, 2.65e-04]    []  
56000     [3.98e-07, 8.88e-10, 1.09e-07, 5.17e-05, 6.23e-04, 4.23e-05, 9.91e-04, 1.55e-04, 4.18e-03, 1.24e-04, 2.61e-03, 4.90e-05, 1.11e-03]    [6.43e-08, 5.44e-10, 1.60e-08, 5.17e-05, 6.23e-04, 4.23e-05, 9.91e-04, 1.55e-04, 4.18e-03, 1.24e-04, 2.61e-03, 4.90e-05, 1.11e-03]    []  
77000     [8.90e-07, 1.04e-09, 1.14e-07, 6.11e-06, 1.51e-04, 2.78e-05, 8.91e-05, 1.58e-05, 8.68e-04, 1.57e-05, 3.39e-04, 1.30e-05, 2.57e-04]    [1.16e-07, 7.55e-10, 7.43e-08, 6.11e-06, 1.51e-04, 2.78e-05, 8.91e-05, 1.58e-05, 8.68e-04, 1.57e-05, 3.39e-04, 1.30e-05, 2.57e-04]    []  
57000     [3.96e-07, 8.86e-10, 1.06e-07, 4.95e-05, 6.12e-04, 4.13e-05, 9.84e-04, 2.01e-04, 4.08e-03, 1.42e-04, 2.55e-03, 4.77e-05, 1.10e-03]    [6.39e-08, 5.43e-10, 1.59e-08, 4.95e-05, 6.12e-04, 4.13e-05, 9.84e-04, 2.01e-04, 4.08e-03, 1.42e-04, 2.55e-03, 4.77e-05, 1.10e-03]    []  
78000     [8.92e-07, 1.03e-09, 1.14e-07, 4.85e-06, 1.49e-04, 2.76e-05, 8.94e-05, 2.30e-05, 8.31e-04, 1.49e-05, 3.34e-04, 1.00e-05, 2.52e-04]    [1.15e-07, 7.52e-10, 7.43e-08, 4.85e-06, 1.49e-04, 2.76e-05, 8.94e-05, 2.30e-05, 8.31e-04, 1.49e-05, 3.34e-04, 1.00e-05, 2.52e-04]    []  
79000     [8.93e-07, 1.01e-09, 1.14e-07, 4.06e-06, 1.46e-04, 2.78e-05, 8.98e-05, 1.03e-05, 8.19e-04, 1.46e-05, 3.27e-04, 1.04e-05, 2.43e-04]    [1.15e-07, 7.49e-10, 7.45e-08, 4.06e-06, 1.46e-04, 2.78e-05, 8.98e-05, 1.03e-05, 8.19e-04, 1.46e-05, 3.27e-04, 1.04e-05, 2.43e-04]    []  
58000     [3.95e-07, 8.82e-10, 1.03e-07, 4.82e-05, 5.93e-04, 4.56e-05, 9.65e-04, 1.56e-04, 4.03e-03, 1.18e-04, 2.52e-03, 4.68e-05, 1.08e-03]    [6.35e-08, 5.41e-10, 1.58e-08, 4.82e-05, 5.93e-04, 4.56e-05, 9.65e-04, 1.56e-04, 4.03e-03, 1.18e-04, 2.52e-03, 4.68e-05, 1.08e-03]    []  
80000     [8.94e-07, 1.01e-09, 1.14e-07, 4.06e-06, 1.42e-04, 2.75e-05, 8.99e-05, 9.97e-06, 8.02e-04, 1.35e-05, 3.21e-04, 1.01e-05, 2.37e-04]    [1.15e-07, 7.48e-10, 7.45e-08, 4.06e-06, 1.42e-04, 2.75e-05, 8.99e-05, 9.97e-06, 8.02e-04, 1.35e-05, 3.21e-04, 1.01e-05, 2.37e-04]    []  
59000     [3.92e-07, 8.76e-10, 1.00e-07, 4.63e-05, 5.78e-04, 4.76e-05, 9.53e-04, 1.57e-04, 3.95e-03, 1.15e-04, 2.48e-03, 4.56e-05, 1.07e-03]    [6.30e-08, 5.39e-10, 1.57e-08, 4.63e-05, 5.78e-04, 4.76e-05, 9.53e-04, 1.57e-04, 3.95e-03, 1.15e-04, 2.48e-03, 4.56e-05, 1.07e-03]    []  
81000     [8.95e-07, 9.98e-10, 1.14e-07, 5.76e-06, 1.39e-04, 2.71e-05, 8.99e-05, 1.19e-05, 7.93e-04, 1.31e-05, 3.14e-04, 1.17e-05, 2.29e-04]    [1.14e-07, 7.47e-10, 7.46e-08, 5.76e-06, 1.39e-04, 2.71e-05, 8.99e-05, 1.19e-05, 7.93e-04, 1.31e-05, 3.14e-04, 1.17e-05, 2.29e-04]    []  
60000     [3.87e-07, 8.69e-10, 9.63e-08, 4.44e-05, 5.64e-04, 5.75e-05, 1.03e-03, 1.62e-04, 3.88e-03, 1.10e-04, 2.45e-03, 4.44e-05, 1.07e-03]    [6.18e-08, 5.35e-10, 1.56e-08, 4.44e-05, 5.64e-04, 5.75e-05, 1.03e-03, 1.62e-04, 3.88e-03, 1.10e-04, 2.45e-03, 4.44e-05, 1.07e-03]    []  
82000     [8.98e-07, 9.93e-10, 1.14e-07, 3.81e-06, 1.36e-04, 2.68e-05, 1.22e-04, 8.74e-06, 7.70e-04, 1.29e-05, 3.11e-04, 1.13e-05, 2.27e-04]    [1.15e-07, 7.48e-10, 7.48e-08, 3.81e-06, 1.36e-04, 2.68e-05, 1.22e-04, 8.74e-06, 7.70e-04, 1.29e-05, 3.11e-04, 1.13e-05, 2.27e-04]    []  
83000     [8.98e-07, 9.88e-10, 1.14e-07, 3.70e-06, 1.33e-04, 2.66e-05, 8.98e-05, 8.74e-06, 7.54e-04, 1.22e-05, 3.02e-04, 1.01e-05, 2.18e-04]    [1.14e-07, 7.50e-10, 7.48e-08, 3.70e-06, 1.33e-04, 2.66e-05, 8.98e-05, 8.74e-06, 7.54e-04, 1.22e-05, 3.02e-04, 1.01e-05, 2.18e-04]    []  
61000     [3.89e-07, 8.63e-10, 9.50e-08, 4.28e-05, 5.48e-04, 4.95e-05, 9.33e-04, 1.55e-04, 3.81e-03, 1.09e-04, 2.40e-03, 4.32e-05, 1.05e-03]    [6.21e-08, 5.32e-10, 1.55e-08, 4.28e-05, 5.48e-04, 4.95e-05, 9.33e-04, 1.55e-04, 3.81e-03, 1.09e-04, 2.40e-03, 4.32e-05, 1.05e-03]    []  
84000     [9.00e-07, 9.85e-10, 1.14e-07, 3.85e-06, 1.31e-04, 2.66e-05, 8.96e-05, 8.25e-06, 7.40e-04, 1.20e-05, 2.97e-04, 1.02e-05, 2.13e-04]    [1.14e-07, 7.52e-10, 7.49e-08, 3.85e-06, 1.31e-04, 2.66e-05, 8.96e-05, 8.25e-06, 7.40e-04, 1.20e-05, 2.97e-04, 1.02e-05, 2.13e-04]    []  
62000     [3.88e-07, 8.55e-10, 9.29e-08, 3.94e-05, 5.36e-04, 5.03e-05, 9.24e-04, 1.87e-04, 3.72e-03, 1.14e-04, 2.36e-03, 4.18e-05, 1.04e-03]    [6.16e-08, 5.28e-10, 1.54e-08, 3.94e-05, 5.36e-04, 5.03e-05, 9.24e-04, 1.87e-04, 3.72e-03, 1.14e-04, 2.36e-03, 4.18e-05, 1.04e-03]    []  
85000     [9.01e-07, 9.82e-10, 1.14e-07, 3.57e-06, 1.27e-04, 2.62e-05, 8.95e-05, 9.09e-06, 7.22e-04, 1.12e-05, 2.91e-04, 9.83e-06, 2.07e-04]    [1.14e-07, 7.55e-10, 7.50e-08, 3.57e-06, 1.27e-04, 2.62e-05, 8.95e-05, 9.09e-06, 7.22e-04, 1.12e-05, 2.91e-04, 9.83e-06, 2.07e-04]    []  
63000     [3.87e-07, 8.45e-10, 9.05e-08, 3.84e-05, 5.19e-04, 5.21e-05, 9.15e-04, 1.59e-04, 3.68e-03, 1.04e-04, 2.33e-03, 4.10e-05, 1.03e-03]    [6.11e-08, 5.23e-10, 1.53e-08, 3.84e-05, 5.19e-04, 5.21e-05, 9.15e-04, 1.59e-04, 3.68e-03, 1.04e-04, 2.33e-03, 4.10e-05, 1.03e-03]    []  
86000     [9.03e-07, 9.81e-10, 1.14e-07, 3.53e-06, 1.25e-04, 2.60e-05, 8.93e-05, 8.92e-06, 7.07e-04, 1.08e-05, 2.85e-04, 9.76e-06, 2.01e-04]    [1.13e-07, 7.59e-10, 7.51e-08, 3.53e-06, 1.25e-04, 2.60e-05, 8.93e-05, 8.92e-06, 7.07e-04, 1.08e-05, 2.85e-04, 9.76e-06, 2.01e-04]    []  
87000     [9.04e-07, 9.80e-10, 1.14e-07, 3.87e-06, 1.24e-04, 2.72e-05, 9.02e-05, 8.90e-06, 6.94e-04, 1.11e-05, 2.80e-04, 1.12e-05, 1.99e-04]    [1.13e-07, 7.62e-10, 7.53e-08, 3.87e-06, 1.24e-04, 2.72e-05, 9.02e-05, 8.90e-06, 6.94e-04, 1.11e-05, 2.80e-04, 1.12e-05, 1.99e-04]    []  
64000     [3.86e-07, 8.36e-10, 8.88e-08, 3.59e-05, 5.06e-04, 5.04e-05, 9.25e-04, 1.61e-04, 3.62e-03, 1.13e-04, 2.30e-03, 3.92e-05, 1.02e-03]    [6.08e-08, 5.18e-10, 1.52e-08, 3.59e-05, 5.06e-04, 5.04e-05, 9.25e-04, 1.61e-04, 3.62e-03, 1.13e-04, 2.30e-03, 3.92e-05, 1.02e-03]    []  
88000     [9.07e-07, 9.80e-10, 1.14e-07, 3.41e-06, 1.19e-04, 2.58e-05, 8.92e-05, 9.03e-06, 6.79e-04, 1.00e-05, 2.74e-04, 9.64e-06, 1.91e-04]    [1.13e-07, 7.68e-10, 7.54e-08, 3.41e-06, 1.19e-04, 2.58e-05, 8.92e-05, 9.03e-06, 6.79e-04, 1.00e-05, 2.74e-04, 9.64e-06, 1.91e-04]    []  
65000     [3.84e-07, 8.25e-10, 8.64e-08, 3.81e-05, 4.98e-04, 5.53e-05, 8.99e-04, 2.88e-04, 3.51e-03, 1.26e-04, 2.25e-03, 3.91e-05, 1.01e-03]    [6.01e-08, 5.12e-10, 1.51e-08, 3.81e-05, 4.98e-04, 5.53e-05, 8.99e-04, 2.88e-04, 3.51e-03, 1.26e-04, 2.25e-03, 3.91e-05, 1.01e-03]    []  
89000     [9.09e-07, 9.80e-10, 1.14e-07, 3.39e-06, 1.16e-04, 2.55e-05, 8.83e-05, 8.81e-06, 6.65e-04, 9.65e-06, 2.69e-04, 9.60e-06, 1.86e-04]    [1.13e-07, 7.73e-10, 7.55e-08, 3.39e-06, 1.16e-04, 2.55e-05, 8.83e-05, 8.81e-06, 6.65e-04, 9.65e-06, 2.69e-04, 9.60e-06, 1.86e-04]    []  
66000     [3.83e-07, 8.14e-10, 8.45e-08, 5.68e-05, 4.92e-04, 6.08e-05, 8.91e-04, 5.76e-04, 3.43e-03, 1.63e-04, 2.22e-03, 3.84e-05, 1.00e-03]    [5.96e-08, 5.05e-10, 1.50e-08, 5.68e-05, 4.92e-04, 6.08e-05, 8.91e-04, 5.76e-04, 3.43e-03, 1.63e-04, 2.22e-03, 3.84e-05, 1.00e-03]    []  
90000     [9.11e-07, 9.81e-10, 1.14e-07, 3.56e-06, 1.14e-04, 2.54e-05, 8.79e-05, 7.75e-06, 6.53e-04, 9.33e-06, 2.63e-04, 9.92e-06, 1.82e-04]    [1.13e-07, 7.78e-10, 7.56e-08, 3.56e-06, 1.14e-04, 2.54e-05, 8.79e-05, 7.75e-06, 6.53e-04, 9.33e-06, 2.63e-04, 9.92e-06, 1.82e-04]    []  
91000     [9.11e-07, 9.81e-10, 1.14e-07, 8.76e-06, 1.11e-04, 2.76e-05, 8.79e-05, 6.19e-05, 6.65e-04, 1.28e-05, 2.57e-04, 2.02e-05, 1.75e-04]    [1.12e-07, 7.83e-10, 7.57e-08, 8.76e-06, 1.11e-04, 2.76e-05, 8.79e-05, 6.19e-05, 6.65e-04, 1.28e-05, 2.57e-04, 2.02e-05, 1.75e-04]    []  
67000     [3.82e-07, 8.03e-10, 8.25e-08, 3.10e-05, 4.65e-04, 5.64e-05, 8.85e-04, 1.59e-04, 3.44e-03, 9.23e-05, 2.22e-03, 3.64e-05, 9.91e-04]    [5.90e-08, 4.99e-10, 1.50e-08, 3.10e-05, 4.65e-04, 5.64e-05, 8.85e-04, 1.59e-04, 3.44e-03, 9.23e-05, 2.22e-03, 3.64e-05, 9.91e-04]    []  
92000     [9.15e-07, 9.84e-10, 1.15e-07, 3.44e-06, 1.09e-04, 2.49e-05, 8.74e-05, 7.63e-06, 6.27e-04, 8.66e-06, 2.53e-04, 9.79e-06, 1.73e-04]    [1.12e-07, 7.89e-10, 7.57e-08, 3.44e-06, 1.09e-04, 2.49e-05, 8.74e-05, 7.63e-06, 6.27e-04, 8.66e-06, 2.53e-04, 9.79e-06, 1.73e-04]    []  
68000     [3.81e-07, 7.92e-10, 8.07e-08, 2.97e-05, 4.52e-04, 5.93e-05, 8.76e-04, 1.58e-04, 3.38e-03, 8.84e-05, 2.19e-03, 3.58e-05, 9.82e-04]    [5.84e-08, 4.92e-10, 1.49e-08, 2.97e-05, 4.52e-04, 5.93e-05, 8.76e-04, 1.58e-04, 3.38e-03, 8.84e-05, 2.19e-03, 3.58e-05, 9.82e-04]    []  
93000     [9.17e-07, 9.86e-10, 1.15e-07, 1.18e-05, 1.07e-04, 2.66e-05, 8.74e-05, 3.15e-05, 6.30e-04, 8.66e-06, 2.48e-04, 1.26e-05, 1.68e-04]    [1.12e-07, 7.95e-10, 7.58e-08, 1.18e-05, 1.07e-04, 2.66e-05, 8.74e-05, 3.15e-05, 6.30e-04, 8.66e-06, 2.48e-04, 1.26e-05, 1.68e-04]    []  
69000     [3.80e-07, 7.80e-10, 7.89e-08, 2.85e-05, 4.40e-04, 5.85e-05, 8.70e-04, 1.53e-04, 3.34e-03, 8.40e-05, 2.17e-03, 3.43e-05, 9.73e-04]    [5.79e-08, 4.85e-10, 1.49e-08, 2.85e-05, 4.40e-04, 5.85e-05, 8.70e-04, 1.53e-04, 3.34e-03, 8.40e-05, 2.17e-03, 3.43e-05, 9.73e-04]    []  
94000     [9.20e-07, 9.89e-10, 1.15e-07, 4.15e-06, 1.04e-04, 2.47e-05, 8.59e-05, 2.28e-05, 5.95e-04, 8.18e-06, 2.44e-04, 9.47e-06, 1.66e-04]    [1.12e-07, 8.02e-10, 7.59e-08, 4.15e-06, 1.04e-04, 2.47e-05, 8.59e-05, 2.28e-05, 5.95e-04, 8.18e-06, 2.44e-04, 9.47e-06, 1.66e-04]    []  
95000     [9.22e-07, 9.92e-10, 1.15e-07, 3.69e-06, 1.02e-04, 2.59e-05, 8.53e-05, 8.10e-06, 5.89e-04, 7.96e-06, 2.38e-04, 9.35e-06, 1.62e-04]    [1.12e-07, 8.09e-10, 7.60e-08, 3.69e-06, 1.02e-04, 2.59e-05, 8.53e-05, 8.10e-06, 5.89e-04, 7.96e-06, 2.38e-04, 9.35e-06, 1.62e-04]    []  
70000     [3.79e-07, 7.69e-10, 7.71e-08, 2.67e-05, 4.30e-04, 5.91e-05, 8.63e-04, 1.56e-04, 3.28e-03, 8.42e-05, 2.14e-03, 3.37e-05, 9.63e-04]    [5.74e-08, 4.79e-10, 1.48e-08, 2.67e-05, 4.30e-04, 5.91e-05, 8.63e-04, 1.56e-04, 3.28e-03, 8.42e-05, 2.14e-03, 3.37e-05, 9.63e-04]    []  
96000     [9.26e-07, 9.96e-10, 1.15e-07, 2.84e-05, 1.04e-04, 2.43e-05, 8.50e-05, 1.93e-04, 5.68e-04, 9.44e-06, 2.38e-04, 2.14e-05, 1.63e-04]    [1.12e-07, 8.16e-10, 7.61e-08, 2.84e-05, 1.04e-04, 2.43e-05, 8.50e-05, 1.93e-04, 5.68e-04, 9.44e-06, 2.38e-04, 2.14e-05, 1.63e-04]    []  
71000     [3.78e-07, 7.58e-10, 7.54e-08, 2.79e-05, 4.18e-04, 6.21e-05, 8.56e-04, 1.45e-04, 3.25e-03, 7.35e-05, 2.13e-03, 3.25e-05, 9.55e-04]    [5.68e-08, 4.72e-10, 1.48e-08, 2.79e-05, 4.18e-04, 6.21e-05, 8.56e-04, 1.45e-04, 3.25e-03, 7.35e-05, 2.13e-03, 3.25e-05, 9.55e-04]    []  
97000     [9.28e-07, 9.98e-10, 1.15e-07, 3.19e-06, 9.77e-05, 2.43e-05, 8.38e-05, 7.57e-06, 5.66e-04, 7.40e-06, 2.28e-04, 9.16e-06, 1.55e-04]    [1.12e-07, 8.22e-10, 7.62e-08, 3.19e-06, 9.77e-05, 2.43e-05, 8.38e-05, 7.57e-06, 5.66e-04, 7.40e-06, 2.28e-04, 9.16e-06, 1.55e-04]    []  
98000     [9.31e-07, 1.00e-09, 1.15e-07, 3.15e-06, 9.54e-05, 2.55e-05, 8.33e-05, 1.17e-05, 5.52e-04, 7.39e-06, 2.24e-04, 9.00e-06, 1.52e-04]    [1.12e-07, 8.29e-10, 7.62e-08, 3.15e-06, 9.54e-05, 2.55e-05, 8.33e-05, 1.17e-05, 5.52e-04, 7.39e-06, 2.24e-04, 9.00e-06, 1.52e-04]    []  
72000     [3.76e-07, 7.47e-10, 7.34e-08, 2.49e-05, 4.09e-04, 6.71e-05, 8.80e-04, 1.49e-04, 3.19e-03, 7.26e-05, 2.11e-03, 3.20e-05, 9.48e-04]    [5.61e-08, 4.65e-10, 1.47e-08, 2.49e-05, 4.09e-04, 6.71e-05, 8.80e-04, 1.49e-04, 3.19e-03, 7.26e-05, 2.11e-03, 3.20e-05, 9.48e-04]    []  
99000     [9.33e-07, 1.00e-09, 1.15e-07, 3.13e-06, 9.33e-05, 2.39e-05, 8.28e-05, 7.97e-06, 5.43e-04, 6.77e-06, 2.19e-04, 8.99e-06, 1.48e-04]    [1.11e-07, 8.35e-10, 7.63e-08, 3.13e-06, 9.33e-05, 2.39e-05, 8.28e-05, 7.97e-06, 5.43e-04, 6.77e-06, 2.19e-04, 8.99e-06, 1.48e-04]    []  
73000     [3.78e-07, 7.37e-10, 7.31e-08, 2.32e-05, 4.01e-04, 5.85e-05, 8.76e-04, 1.51e-04, 3.14e-03, 7.99e-05, 2.08e-03, 3.06e-05, 9.40e-04]    [5.64e-08, 4.59e-10, 1.48e-08, 2.32e-05, 4.01e-04, 5.85e-05, 8.76e-04, 1.51e-04, 3.14e-03, 7.99e-05, 2.08e-03, 3.06e-05, 9.40e-04]    []  
100000    [9.37e-07, 1.01e-09, 1.15e-07, 3.15e-06, 9.13e-05, 2.38e-05, 8.17e-05, 7.26e-06, 5.33e-04, 6.56e-06, 2.14e-04, 9.08e-06, 1.45e-04]    [1.11e-07, 8.42e-10, 7.64e-08, 3.15e-06, 9.13e-05, 2.38e-05, 8.17e-05, 7.26e-06, 5.33e-04, 6.56e-06, 2.14e-04, 9.08e-06, 1.45e-04]    []  

Best model at step 100000:
  train loss: 1.12e-03
  test loss: 1.11e-03
  test metric: []

Epoch 100000: saving model to ../runs/lr0.0001_lyr4_wid20_actv1_epchs100000_n50_lossw100_nxm4_nym64_alpha4_beta0.5_bctype1/file.ckpt-100000.ckpt ...

'train' took 2387.129826 s

Saving loss history to ../runs/lr0.0001_lyr4_wid20_actv1_epchs100000_n50_lossw100_nxm4_nym64_alpha4_beta0.5_bctype1/loss.dat ...
Saving training data to ../runs/lr0.0001_lyr4_wid20_actv1_epchs100000_n50_lossw100_nxm4_nym64_alpha4_beta0.5_bctype1/train.dat ...
Saving test data to ../runs/lr0.0001_lyr4_wid20_actv1_epchs100000_n50_lossw100_nxm4_nym64_alpha4_beta0.5_bctype1/test.dat ...
74000     [3.75e-07, 7.26e-10, 7.10e-08, 2.46e-05, 3.95e-04, 6.03e-05, 8.40e-04, 2.22e-04, 3.07e-03, 9.13e-05, 2.05e-03, 3.03e-05, 9.30e-04]    [5.56e-08, 4.52e-10, 1.47e-08, 2.46e-05, 3.95e-04, 6.03e-05, 8.40e-04, 2.22e-04, 3.07e-03, 9.13e-05, 2.05e-03, 3.03e-05, 9.30e-04]    []  
75000     [3.73e-07, 7.15e-10, 6.93e-08, 2.36e-05, 3.82e-04, 6.44e-05, 8.44e-04, 1.35e-04, 3.07e-03, 6.33e-05, 2.05e-03, 3.00e-05, 9.21e-04]    [5.50e-08, 4.46e-10, 1.46e-08, 2.36e-05, 3.82e-04, 6.44e-05, 8.44e-04, 1.35e-04, 3.07e-03, 6.33e-05, 2.05e-03, 3.00e-05, 9.21e-04]    []  
76000     [3.74e-07, 7.06e-10, 6.85e-08, 2.16e-05, 3.75e-04, 6.15e-05, 8.25e-04, 1.36e-04, 3.02e-03, 6.38e-05, 2.02e-03, 2.89e-05, 9.14e-04]    [5.49e-08, 4.40e-10, 1.47e-08, 2.16e-05, 3.75e-04, 6.15e-05, 8.25e-04, 1.36e-04, 3.02e-03, 6.38e-05, 2.02e-03, 2.89e-05, 9.14e-04]    []  
77000     [3.74e-07, 6.97e-10, 6.74e-08, 3.97e-05, 3.65e-04, 6.20e-05, 8.23e-04, 2.05e-04, 3.05e-03, 5.64e-05, 2.02e-03, 2.89e-05, 9.09e-04]    [5.46e-08, 4.34e-10, 1.47e-08, 3.97e-05, 3.65e-04, 6.20e-05, 8.23e-04, 2.05e-04, 3.05e-03, 5.64e-05, 2.02e-03, 2.89e-05, 9.09e-04]    []  
78000     [3.73e-07, 6.87e-10, 6.63e-08, 2.00e-05, 3.61e-04, 6.06e-05, 8.17e-04, 1.34e-04, 2.93e-03, 6.13e-05, 1.98e-03, 2.77e-05, 8.98e-04]    [5.44e-08, 4.28e-10, 1.46e-08, 2.00e-05, 3.61e-04, 6.06e-05, 8.17e-04, 1.34e-04, 2.93e-03, 6.13e-05, 1.98e-03, 2.77e-05, 8.98e-04]    []  
79000     [3.72e-07, 6.78e-10, 6.52e-08, 1.95e-05, 3.55e-04, 6.10e-05, 8.09e-04, 1.31e-04, 2.90e-03, 5.86e-05, 1.96e-03, 2.72e-05, 8.91e-04]    [5.40e-08, 4.22e-10, 1.46e-08, 1.95e-05, 3.55e-04, 6.10e-05, 8.09e-04, 1.31e-04, 2.90e-03, 5.86e-05, 1.96e-03, 2.72e-05, 8.91e-04]    []  
80000     [3.71e-07, 6.69e-10, 6.41e-08, 1.89e-05, 3.49e-04, 6.09e-05, 8.03e-04, 1.30e-04, 2.86e-03, 5.73e-05, 1.94e-03, 2.68e-05, 8.83e-04]    [5.37e-08, 4.17e-10, 1.46e-08, 1.89e-05, 3.49e-04, 6.09e-05, 8.03e-04, 1.30e-04, 2.86e-03, 5.73e-05, 1.94e-03, 2.68e-05, 8.83e-04]    []  
81000     [3.71e-07, 6.61e-10, 6.33e-08, 1.90e-05, 3.43e-04, 6.10e-05, 7.98e-04, 1.22e-04, 2.82e-03, 5.29e-05, 1.92e-03, 2.64e-05, 8.76e-04]    [5.34e-08, 4.11e-10, 1.46e-08, 1.90e-05, 3.43e-04, 6.10e-05, 7.98e-04, 1.22e-04, 2.82e-03, 5.29e-05, 1.92e-03, 2.64e-05, 8.76e-04]    []  
82000     [3.71e-07, 6.53e-10, 6.27e-08, 5.73e-05, 3.35e-04, 6.23e-05, 8.01e-04, 3.21e-04, 2.90e-03, 5.35e-05, 1.94e-03, 2.72e-05, 8.75e-04]    [5.31e-08, 4.06e-10, 1.47e-08, 5.73e-05, 3.35e-04, 6.23e-05, 8.01e-04, 3.21e-04, 2.90e-03, 5.35e-05, 1.94e-03, 2.72e-05, 8.75e-04]    []  
83000     [3.70e-07, 6.45e-10, 6.19e-08, 1.79e-05, 3.33e-04, 5.93e-05, 7.89e-04, 1.22e-04, 2.75e-03, 5.21e-05, 1.88e-03, 2.55e-05, 8.61e-04]    [5.29e-08, 4.01e-10, 1.47e-08, 1.79e-05, 3.33e-04, 5.93e-05, 7.89e-04, 1.22e-04, 2.75e-03, 5.21e-05, 1.88e-03, 2.55e-05, 8.61e-04]    []  
84000     [3.70e-07, 6.37e-10, 6.12e-08, 1.81e-05, 3.28e-04, 5.93e-05, 7.83e-04, 1.13e-04, 2.72e-03, 4.77e-05, 1.87e-03, 2.53e-05, 8.54e-04]    [5.26e-08, 3.96e-10, 1.47e-08, 1.81e-05, 3.28e-04, 5.93e-05, 7.83e-04, 1.13e-04, 2.72e-03, 4.77e-05, 1.87e-03, 2.53e-05, 8.54e-04]    []  
85000     [3.70e-07, 6.30e-10, 6.07e-08, 1.77e-05, 3.26e-04, 5.88e-05, 7.79e-04, 1.40e-04, 2.66e-03, 5.48e-05, 1.84e-03, 2.50e-05, 8.47e-04]    [5.25e-08, 3.91e-10, 1.47e-08, 1.77e-05, 3.26e-04, 5.88e-05, 7.79e-04, 1.40e-04, 2.66e-03, 5.48e-05, 1.84e-03, 2.50e-05, 8.47e-04]    []  
86000     [3.70e-07, 6.23e-10, 6.00e-08, 1.73e-05, 3.20e-04, 5.98e-05, 7.76e-04, 1.24e-04, 2.64e-03, 4.76e-05, 1.83e-03, 2.49e-05, 8.40e-04]    [5.21e-08, 3.87e-10, 1.47e-08, 1.73e-05, 3.20e-04, 5.98e-05, 7.76e-04, 1.24e-04, 2.64e-03, 4.76e-05, 1.83e-03, 2.49e-05, 8.40e-04]    []  
87000     [3.71e-07, 6.16e-10, 5.98e-08, 7.89e-05, 3.13e-04, 6.51e-05, 7.69e-04, 4.42e-04, 2.77e-03, 5.95e-05, 1.86e-03, 2.71e-05, 8.40e-04]    [5.18e-08, 3.82e-10, 1.48e-08, 7.89e-05, 3.13e-04, 6.51e-05, 7.69e-04, 4.42e-04, 2.77e-03, 5.95e-05, 1.86e-03, 2.71e-05, 8.40e-04]    []  
88000     [3.72e-07, 6.10e-10, 5.95e-08, 2.03e-05, 3.10e-04, 6.00e-05, 7.63e-04, 9.66e-05, 2.60e-03, 3.62e-05, 1.80e-03, 2.46e-05, 8.26e-04]    [5.17e-08, 3.78e-10, 1.48e-08, 2.03e-05, 3.10e-04, 6.00e-05, 7.63e-04, 9.66e-05, 2.60e-03, 3.62e-05, 1.80e-03, 2.46e-05, 8.26e-04]    []  
89000     [3.73e-07, 6.03e-10, 5.94e-08, 1.72e-05, 3.08e-04, 5.72e-05, 7.60e-04, 1.04e-04, 2.55e-03, 4.19e-05, 1.77e-03, 2.41e-05, 8.19e-04]    [5.17e-08, 3.74e-10, 1.49e-08, 1.72e-05, 3.08e-04, 5.72e-05, 7.60e-04, 1.04e-04, 2.55e-03, 4.19e-05, 1.77e-03, 2.41e-05, 8.19e-04]    []  
90000     [3.73e-07, 5.97e-10, 5.92e-08, 1.74e-05, 3.04e-04, 5.58e-05, 7.56e-04, 9.44e-05, 2.52e-03, 3.90e-05, 1.75e-03, 2.39e-05, 8.12e-04]    [5.14e-08, 3.69e-10, 1.49e-08, 1.74e-05, 3.04e-04, 5.58e-05, 7.56e-04, 9.44e-05, 2.52e-03, 3.90e-05, 1.75e-03, 2.39e-05, 8.12e-04]    []  
91000     [3.75e-07, 5.92e-10, 5.93e-08, 1.76e-05, 3.01e-04, 5.52e-05, 7.54e-04, 9.01e-05, 2.49e-03, 3.67e-05, 1.73e-03, 2.36e-05, 8.05e-04]    [5.13e-08, 3.66e-10, 1.50e-08, 1.76e-05, 3.01e-04, 5.52e-05, 7.54e-04, 9.01e-05, 2.49e-03, 3.67e-05, 1.73e-03, 2.36e-05, 8.05e-04]    []  
92000     [3.75e-07, 5.86e-10, 5.92e-08, 1.73e-05, 2.98e-04, 5.48e-05, 7.47e-04, 8.98e-05, 2.46e-03, 3.65e-05, 1.71e-03, 2.35e-05, 7.98e-04]    [5.11e-08, 3.62e-10, 1.50e-08, 1.73e-05, 2.98e-04, 5.48e-05, 7.47e-04, 8.98e-05, 2.46e-03, 3.65e-05, 1.71e-03, 2.35e-05, 7.98e-04]    []  
93000     [3.77e-07, 5.81e-10, 5.92e-08, 2.09e-05, 2.93e-04, 5.68e-05, 7.42e-04, 8.30e-05, 2.45e-03, 3.00e-05, 1.70e-03, 2.39e-05, 7.91e-04]    [5.09e-08, 3.58e-10, 1.50e-08, 2.09e-05, 2.93e-04, 5.68e-05, 7.42e-04, 8.30e-05, 2.45e-03, 3.00e-05, 1.70e-03, 2.39e-05, 7.91e-04]    []  
94000     [3.78e-07, 5.75e-10, 5.92e-08, 1.75e-05, 2.92e-04, 5.52e-05, 7.48e-04, 8.48e-05, 2.40e-03, 3.21e-05, 1.68e-03, 2.34e-05, 7.84e-04]    [5.06e-08, 3.54e-10, 1.51e-08, 1.75e-05, 2.92e-04, 5.52e-05, 7.48e-04, 8.48e-05, 2.40e-03, 3.21e-05, 1.68e-03, 2.34e-05, 7.84e-04]    []  
95000     [3.80e-07, 5.71e-10, 5.98e-08, 1.76e-05, 2.89e-04, 5.26e-05, 7.35e-04, 7.89e-05, 2.37e-03, 3.23e-05, 1.66e-03, 2.31e-05, 7.77e-04]    [5.06e-08, 3.51e-10, 1.51e-08, 1.76e-05, 2.89e-04, 5.26e-05, 7.35e-04, 7.89e-05, 2.37e-03, 3.23e-05, 1.66e-03, 2.31e-05, 7.77e-04]    []  
96000     [3.81e-07, 5.66e-10, 6.02e-08, 1.77e-05, 2.86e-04, 5.19e-05, 7.31e-04, 7.62e-05, 2.35e-03, 3.14e-05, 1.64e-03, 2.30e-05, 7.70e-04]    [5.05e-08, 3.48e-10, 1.52e-08, 1.77e-05, 2.86e-04, 5.19e-05, 7.31e-04, 7.62e-05, 2.35e-03, 3.14e-05, 1.64e-03, 2.30e-05, 7.70e-04]    []  
97000     [3.83e-07, 5.62e-10, 6.06e-08, 1.77e-05, 2.83e-04, 5.14e-05, 7.27e-04, 7.47e-05, 2.32e-03, 2.96e-05, 1.62e-03, 2.28e-05, 7.64e-04]    [5.04e-08, 3.45e-10, 1.53e-08, 1.77e-05, 2.83e-04, 5.14e-05, 7.27e-04, 7.47e-05, 2.32e-03, 2.96e-05, 1.62e-03, 2.28e-05, 7.64e-04]    []  
98000     [3.85e-07, 5.58e-10, 6.10e-08, 2.89e-05, 2.78e-04, 5.30e-05, 7.24e-04, 9.92e-05, 2.33e-03, 2.53e-05, 1.61e-03, 2.34e-05, 7.57e-04]    [5.02e-08, 3.42e-10, 1.53e-08, 2.89e-05, 2.78e-04, 5.30e-05, 7.24e-04, 9.92e-05, 2.33e-03, 2.53e-05, 1.61e-03, 2.34e-05, 7.57e-04]    []  
99000     [3.87e-07, 5.54e-10, 6.16e-08, 1.79e-05, 2.78e-04, 4.97e-05, 7.20e-04, 6.86e-05, 2.26e-03, 2.85e-05, 1.58e-03, 2.27e-05, 7.50e-04]    [5.01e-08, 3.40e-10, 1.54e-08, 1.79e-05, 2.78e-04, 4.97e-05, 7.20e-04, 6.86e-05, 2.26e-03, 2.85e-05, 1.58e-03, 2.27e-05, 7.50e-04]    []  
100000    [3.89e-07, 5.50e-10, 6.23e-08, 1.89e-05, 2.75e-04, 4.88e-05, 7.17e-04, 6.30e-05, 2.24e-03, 2.60e-05, 1.56e-03, 2.26e-05, 7.43e-04]    [5.00e-08, 3.37e-10, 1.54e-08, 1.89e-05, 2.75e-04, 4.88e-05, 7.17e-04, 6.30e-05, 2.24e-03, 2.60e-05, 1.56e-03, 2.26e-05, 7.43e-04]    []  

Best model at step 100000:
  train loss: 5.72e-03
  test loss: 5.72e-03
  test metric: []

Epoch 100000: saving model to ../runs/lr0.0001_lyr4_wid20_actv1_epchs100000_n50_lossw100_nxm8_nym64_alpha4_beta0.5_bctype1/file.ckpt-100000.ckpt ...

'train' took 3251.729816 s

Saving loss history to ../runs/lr0.0001_lyr4_wid20_actv1_epchs100000_n50_lossw100_nxm8_nym64_alpha4_beta0.5_bctype1/loss.dat ...
Saving training data to ../runs/lr0.0001_lyr4_wid20_actv1_epchs100000_n50_lossw100_nxm8_nym64_alpha4_beta0.5_bctype1/train.dat ...
Saving test data to ../runs/lr0.0001_lyr4_wid20_actv1_epchs100000_n50_lossw100_nxm8_nym64_alpha4_beta0.5_bctype1/test.dat ...
