       nxm        nym          u          v         uu         vv         ww         uv
         5         32     182.74     99.999     256.36     70.485     75.397     99.789
         4         32     251.78     100.02     133.05     100.43     99.723     99.936
         3         32      302.6     99.981     222.45     175.67     158.17     99.838
         3         16     120.54     99.971     113.86     147.97     136.59     99.936
       nxm        nym          u          v         uu         vv         ww         uv
         5         32     182.74     99.999     256.36     70.485     75.397     99.789
         4         32     251.78     100.02     133.05     100.43     99.723     99.936
         3         32      302.6     99.981     222.45     175.67     158.17     99.838
         3         16     120.54     99.971     113.86     147.97     136.59     99.936
