Compiling model...
Building feed-forward neural network...
'build' took 0.059536 s

'compile' took 7.517284 s

Initializing variables...
Training model...

Step      Train loss                                                                                                                                                                                                                                                              Test loss                                                                                                                                                                                                                                                               Test metric
0         [4.25e-07, 2.12e-05, 5.96e-06, 1.12e+01, 2.50e+01, 1.01e+01, 6.92e+01, 2.97e+00, 1.15e+01, 3.41e+01, 1.41e+00, 1.89e+00, 2.42e+01, 3.87e-01, 1.05e+00, 1.02e+01, 1.75e+00, 5.80e+00, 1.04e+01, 8.89e+00, 1.15e+01, 4.24e+00, 2.17e-01, 1.33e+00, 2.37e-01, 4.55e+00]    [4.34e-07, 2.14e-05, 6.16e-06, 1.12e+01, 2.50e+01, 1.01e+01, 6.92e+01, 2.97e+00, 1.15e+01, 3.41e+01, 1.41e+00, 1.89e+00, 2.42e+01, 3.87e-01, 1.05e+00, 1.02e+01, 1.75e+00, 5.80e+00, 1.04e+01, 8.89e+00, 1.15e+01, 4.24e+00, 2.17e-01, 1.33e+00, 2.37e-01, 4.55e+00]    []  
1000      [4.80e-08, 6.46e-04, 1.07e-07, 1.39e-01, 1.80e-02, 1.79e-01, 1.89e-01, 4.14e-02, 1.75e-01, 2.40e-01, 3.19e-02, 2.09e-01, 3.25e-02, 4.69e-02, 2.80e-02, 7.09e-03, 3.82e-02, 1.38e-01, 9.39e-02, 8.18e-03, 7.41e-02, 3.53e-01, 1.85e-01, 1.00e-02, 1.18e-01, 3.15e-01]    [2.92e-08, 1.78e-04, 6.45e-08, 1.39e-01, 1.80e-02, 1.79e-01, 1.89e-01, 4.14e-02, 1.75e-01, 2.40e-01, 3.19e-02, 2.09e-01, 3.25e-02, 4.69e-02, 2.80e-02, 7.09e-03, 3.82e-02, 1.38e-01, 9.39e-02, 8.18e-03, 7.41e-02, 3.53e-01, 1.85e-01, 1.00e-02, 1.18e-01, 3.15e-01]    []  
2000      [1.59e-07, 1.68e-03, 2.85e-07, 1.67e-02, 1.03e-03, 7.13e-02, 2.36e-02, 1.70e-02, 4.41e-02, 2.92e-02, 6.77e-03, 8.32e-02, 6.82e-03, 1.20e-02, 6.69e-03, 1.22e-03, 5.66e-03, 6.84e-02, 3.93e-03, 2.16e-03, 1.98e-02, 4.76e-02, 1.21e-02, 8.78e-04, 3.26e-02, 1.89e-02]    [4.91e-08, 5.20e-05, 1.17e-07, 1.67e-02, 1.03e-03, 7.13e-02, 2.36e-02, 1.70e-02, 4.41e-02, 2.92e-02, 6.77e-03, 8.32e-02, 6.82e-03, 1.20e-02, 6.69e-03, 1.22e-03, 5.66e-03, 6.84e-02, 3.93e-03, 2.16e-03, 1.98e-02, 4.76e-02, 1.21e-02, 8.78e-04, 3.26e-02, 1.89e-02]    []  
3000      [3.06e-07, 1.26e-03, 2.64e-07, 3.77e-03, 2.52e-05, 2.77e-02, 8.97e-03, 3.64e-03, 3.96e-02, 1.21e-02, 1.95e-03, 3.21e-02, 9.46e-04, 6.92e-03, 2.27e-03, 3.73e-04, 3.26e-03, 4.66e-02, 1.97e-03, 1.36e-03, 1.05e-02, 1.47e-02, 3.96e-03, 1.31e-03, 1.73e-02, 1.63e-02]    [4.20e-08, 4.96e-05, 7.30e-08, 3.77e-03, 2.52e-05, 2.77e-02, 8.97e-03, 3.64e-03, 3.96e-02, 1.21e-02, 1.95e-03, 3.21e-02, 9.46e-04, 6.92e-03, 2.27e-03, 3.73e-04, 3.26e-03, 4.66e-02, 1.97e-03, 1.36e-03, 1.05e-02, 1.47e-02, 3.96e-03, 1.31e-03, 1.73e-02, 1.63e-02]    []  
4000      [5.14e-07, 5.64e-04, 2.04e-07, 1.47e-03, 1.54e-04, 1.27e-02, 5.26e-03, 6.36e-04, 3.25e-02, 9.07e-03, 1.74e-03, 2.49e-02, 8.49e-04, 4.80e-03, 1.21e-03, 5.84e-04, 2.97e-03, 2.89e-02, 9.43e-04, 4.82e-04, 7.43e-03, 4.50e-03, 1.64e-03, 8.94e-04, 1.03e-02, 1.63e-02]    [3.68e-08, 3.72e-05, 6.00e-08, 1.47e-03, 1.54e-04, 1.27e-02, 5.26e-03, 6.36e-04, 3.25e-02, 9.07e-03, 1.74e-03, 2.49e-02, 8.49e-04, 4.80e-03, 1.21e-03, 5.84e-04, 2.97e-03, 2.89e-02, 9.43e-04, 4.82e-04, 7.43e-03, 4.50e-03, 1.64e-03, 8.94e-04, 1.03e-02, 1.63e-02]    []  
5000      [7.20e-07, 3.04e-04, 1.50e-07, 8.43e-04, 3.03e-04, 7.13e-03, 2.83e-03, 5.12e-04, 2.74e-02, 7.82e-03, 2.05e-03, 2.28e-02, 1.20e-03, 3.71e-03, 1.28e-03, 4.54e-04, 2.50e-03, 1.72e-02, 2.16e-03, 8.73e-04, 5.21e-03, 2.39e-03, 1.19e-03, 6.69e-04, 5.74e-03, 1.62e-02]    [3.24e-08, 3.09e-05, 5.80e-08, 8.43e-04, 3.03e-04, 7.13e-03, 2.83e-03, 5.12e-04, 2.74e-02, 7.82e-03, 2.05e-03, 2.28e-02, 1.20e-03, 3.71e-03, 1.28e-03, 4.54e-04, 2.50e-03, 1.72e-02, 2.16e-03, 8.73e-04, 5.21e-03, 2.39e-03, 1.19e-03, 6.69e-04, 5.74e-03, 1.62e-02]    []  
6000      [8.94e-07, 2.36e-04, 1.59e-07, 1.37e-03, 8.22e-05, 4.40e-03, 1.64e-03, 4.91e-04, 2.40e-02, 7.45e-03, 1.39e-03, 2.10e-02, 1.37e-03, 3.05e-03, 2.85e-03, 3.08e-04, 2.15e-03, 1.05e-02, 3.45e-03, 3.01e-04, 3.63e-03, 1.54e-03, 1.18e-03, 3.24e-04, 3.02e-03, 1.45e-02]    [3.27e-08, 5.22e-05, 7.70e-08, 1.37e-03, 8.22e-05, 4.40e-03, 1.64e-03, 4.91e-04, 2.40e-02, 7.45e-03, 1.39e-03, 2.10e-02, 1.37e-03, 3.05e-03, 2.85e-03, 3.08e-04, 2.15e-03, 1.05e-02, 3.45e-03, 3.01e-04, 3.63e-03, 1.54e-03, 1.18e-03, 3.24e-04, 3.02e-03, 1.45e-02]    []  
7000      [1.03e-06, 1.84e-04, 1.67e-07, 2.38e-03, 1.17e-04, 3.39e-03, 1.06e-03, 4.39e-04, 2.16e-02, 7.06e-03, 8.76e-04, 1.88e-02, 9.41e-04, 2.43e-03, 4.18e-03, 3.41e-04, 2.11e-03, 7.15e-03, 4.49e-03, 1.63e-04, 2.92e-03, 1.40e-03, 1.02e-03, 1.78e-04, 1.57e-03, 1.15e-02]    [3.38e-08, 7.47e-05, 9.34e-08, 2.38e-03, 1.17e-04, 3.39e-03, 1.06e-03, 4.39e-04, 2.16e-02, 7.06e-03, 8.76e-04, 1.88e-02, 9.41e-04, 2.43e-03, 4.18e-03, 3.41e-04, 2.11e-03, 7.15e-03, 4.49e-03, 1.63e-04, 2.92e-03, 1.40e-03, 1.02e-03, 1.78e-04, 1.57e-03, 1.15e-02]    []  
8000      [1.14e-06, 1.41e-04, 1.73e-07, 3.44e-04, 1.35e-04, 2.97e-03, 8.44e-04, 2.63e-04, 1.97e-02, 5.85e-03, 5.82e-04, 1.77e-02, 9.99e-04, 1.68e-03, 5.52e-04, 1.07e-04, 1.84e-03, 5.27e-03, 5.56e-04, 1.32e-04, 2.58e-03, 1.14e-03, 2.33e-04, 1.69e-04, 8.92e-04, 8.18e-03]    [3.50e-08, 8.55e-05, 1.05e-07, 3.44e-04, 1.35e-04, 2.97e-03, 8.44e-04, 2.63e-04, 1.97e-02, 5.85e-03, 5.82e-04, 1.77e-02, 9.99e-04, 1.68e-03, 5.52e-04, 1.07e-04, 1.84e-03, 5.27e-03, 5.56e-04, 1.32e-04, 2.58e-03, 1.14e-03, 2.33e-04, 1.69e-04, 8.92e-04, 8.18e-03]    []  
9000      [1.21e-06, 1.19e-04, 1.77e-07, 2.76e-04, 1.81e-04, 2.83e-03, 6.11e-04, 1.52e-04, 1.85e-02, 5.15e-03, 5.47e-04, 1.68e-02, 8.29e-04, 1.09e-03, 2.51e-04, 1.60e-04, 1.82e-03, 4.11e-03, 2.94e-04, 2.30e-04, 2.40e-03, 1.15e-03, 1.87e-04, 2.45e-04, 5.83e-04, 5.65e-03]    [3.53e-08, 8.67e-05, 1.12e-07, 2.76e-04, 1.81e-04, 2.83e-03, 6.11e-04, 1.52e-04, 1.85e-02, 5.15e-03, 5.47e-04, 1.68e-02, 8.29e-04, 1.09e-03, 2.51e-04, 1.60e-04, 1.82e-03, 4.11e-03, 2.94e-04, 2.30e-04, 2.40e-03, 1.15e-03, 1.87e-04, 2.45e-04, 5.83e-04, 5.65e-03]    []  
10000     [1.24e-06, 1.10e-04, 1.84e-07, 2.54e-04, 1.70e-04, 2.67e-03, 3.49e-04, 1.10e-04, 1.79e-02, 4.62e-03, 4.87e-04, 1.61e-02, 6.22e-04, 6.62e-04, 1.91e-04, 1.02e-04, 1.75e-03, 3.25e-03, 1.61e-04, 1.81e-04, 2.15e-03, 1.04e-03, 1.74e-04, 2.47e-04, 4.21e-04, 3.66e-03]    [3.52e-08, 8.54e-05, 1.14e-07, 2.54e-04, 1.70e-04, 2.67e-03, 3.49e-04, 1.10e-04, 1.79e-02, 4.62e-03, 4.87e-04, 1.61e-02, 6.22e-04, 6.62e-04, 1.91e-04, 1.02e-04, 1.75e-03, 3.25e-03, 1.61e-04, 1.81e-04, 2.15e-03, 1.04e-03, 1.74e-04, 2.47e-04, 4.21e-04, 3.66e-03]    []  
11000     [1.26e-06, 1.06e-04, 1.93e-07, 3.74e-04, 1.56e-04, 2.53e-03, 2.94e-04, 9.10e-05, 1.76e-02, 4.08e-03, 6.72e-04, 1.53e-02, 5.18e-04, 3.91e-04, 3.67e-04, 1.30e-04, 1.74e-03, 2.70e-03, 4.09e-04, 2.12e-04, 2.00e-03, 1.07e-03, 2.10e-04, 2.97e-04, 3.70e-04, 2.34e-03]    [3.50e-08, 8.47e-05, 1.15e-07, 3.74e-04, 1.56e-04, 2.53e-03, 2.94e-04, 9.10e-05, 1.76e-02, 4.08e-03, 6.72e-04, 1.53e-02, 5.18e-04, 3.91e-04, 3.67e-04, 1.30e-04, 1.74e-03, 2.70e-03, 4.09e-04, 2.12e-04, 2.00e-03, 1.07e-03, 2.10e-04, 2.97e-04, 3.70e-04, 2.34e-03]    []  
12000     [1.25e-06, 1.04e-04, 2.03e-07, 3.52e-04, 1.43e-04, 2.40e-03, 2.58e-04, 8.95e-05, 1.74e-02, 3.64e-03, 6.57e-04, 1.45e-02, 4.24e-04, 2.38e-04, 3.64e-04, 9.74e-05, 1.69e-03, 2.26e-03, 6.13e-04, 2.66e-04, 1.91e-03, 1.12e-03, 2.13e-04, 3.50e-04, 3.60e-04, 1.55e-03]    [3.48e-08, 8.51e-05, 1.15e-07, 3.52e-04, 1.43e-04, 2.40e-03, 2.58e-04, 8.95e-05, 1.74e-02, 3.64e-03, 6.57e-04, 1.45e-02, 4.24e-04, 2.38e-04, 3.64e-04, 9.74e-05, 1.69e-03, 2.26e-03, 6.13e-04, 2.66e-04, 1.91e-03, 1.12e-03, 2.13e-04, 3.50e-04, 3.60e-04, 1.55e-03]    []  
13000     [1.20e-06, 9.89e-05, 2.05e-07, 2.32e-04, 1.28e-04, 2.27e-03, 2.40e-04, 1.57e-04, 1.78e-02, 4.10e-03, 5.84e-04, 1.38e-02, 3.37e-04, 1.80e-04, 1.26e-04, 4.31e-04, 2.02e-03, 2.32e-03, 1.04e-03, 7.93e-04, 2.33e-03, 1.63e-03, 2.57e-04, 4.29e-04, 3.70e-04, 1.14e-03]    [3.39e-08, 8.53e-05, 1.11e-07, 2.32e-04, 1.28e-04, 2.27e-03, 2.40e-04, 1.57e-04, 1.78e-02, 4.10e-03, 5.84e-04, 1.38e-02, 3.37e-04, 1.80e-04, 1.26e-04, 4.31e-04, 2.02e-03, 2.32e-03, 1.04e-03, 7.93e-04, 2.33e-03, 1.63e-03, 2.57e-04, 4.29e-04, 3.70e-04, 1.14e-03]    []  
14000     [1.19e-06, 9.43e-05, 2.01e-07, 1.10e-04, 6.90e-05, 2.13e-03, 2.33e-04, 8.95e-05, 1.72e-02, 2.95e-03, 6.81e-04, 1.30e-02, 2.40e-04, 1.43e-04, 4.69e-05, 8.93e-05, 1.64e-03, 1.63e-03, 3.75e-05, 2.31e-04, 1.69e-03, 1.00e-03, 6.83e-05, 2.50e-04, 2.76e-04, 8.54e-04]    [3.32e-08, 8.51e-05, 1.05e-07, 1.10e-04, 6.90e-05, 2.13e-03, 2.33e-04, 8.95e-05, 1.72e-02, 2.95e-03, 6.81e-04, 1.30e-02, 2.40e-04, 1.43e-04, 4.69e-05, 8.93e-05, 1.64e-03, 1.63e-03, 3.75e-05, 2.31e-04, 1.69e-03, 1.00e-03, 6.83e-05, 2.50e-04, 2.76e-04, 8.54e-04]    []  
15000     [1.15e-06, 8.94e-05, 1.91e-07, 3.42e-04, 4.84e-05, 1.97e-03, 2.76e-04, 1.00e-04, 1.71e-02, 2.71e-03, 6.58e-04, 1.24e-02, 1.72e-04, 1.20e-04, 4.13e-04, 1.20e-04, 1.62e-03, 1.52e-03, 4.02e-04, 2.26e-04, 1.60e-03, 9.82e-04, 6.92e-05, 2.10e-04, 2.50e-04, 6.91e-04]    [3.23e-08, 8.22e-05, 9.76e-08, 3.42e-04, 4.84e-05, 1.97e-03, 2.76e-04, 1.00e-04, 1.71e-02, 2.71e-03, 6.58e-04, 1.24e-02, 1.72e-04, 1.20e-04, 4.13e-04, 1.20e-04, 1.62e-03, 1.52e-03, 4.02e-04, 2.26e-04, 1.60e-03, 9.82e-04, 6.92e-05, 2.10e-04, 2.50e-04, 6.91e-04]    []  
16000     [1.12e-06, 8.25e-05, 1.76e-07, 8.66e-05, 4.36e-05, 1.85e-03, 2.13e-04, 8.99e-05, 1.70e-02, 2.47e-03, 6.92e-04, 1.20e-02, 1.12e-04, 1.28e-04, 4.41e-05, 8.44e-05, 1.58e-03, 1.29e-03, 2.62e-05, 2.14e-04, 1.52e-03, 9.07e-04, 3.24e-05, 1.61e-04, 2.31e-04, 6.25e-04]    [3.14e-08, 7.88e-05, 8.94e-08, 8.66e-05, 4.36e-05, 1.85e-03, 2.13e-04, 8.99e-05, 1.70e-02, 2.47e-03, 6.92e-04, 1.20e-02, 1.12e-04, 1.28e-04, 4.41e-05, 8.44e-05, 1.58e-03, 1.29e-03, 2.62e-05, 2.14e-04, 1.52e-03, 9.07e-04, 3.24e-05, 1.61e-04, 2.31e-04, 6.25e-04]    []  
17000     [1.05e-06, 7.68e-05, 1.64e-07, 4.44e-03, 1.08e-04, 1.82e-03, 3.58e-04, 4.71e-04, 1.82e-02, 5.92e-03, 1.25e-03, 1.16e-02, 2.27e-04, 1.83e-04, 9.27e-03, 1.15e-03, 2.54e-03, 2.41e-03, 6.71e-03, 2.55e-04, 1.63e-03, 1.16e-03, 2.00e-04, 1.56e-04, 2.47e-04, 7.23e-04]    [3.04e-08, 7.31e-05, 8.34e-08, 4.44e-03, 1.08e-04, 1.82e-03, 3.58e-04, 4.71e-04, 1.82e-02, 5.92e-03, 1.25e-03, 1.16e-02, 2.27e-04, 1.83e-04, 9.27e-03, 1.15e-03, 2.54e-03, 2.41e-03, 6.71e-03, 2.55e-04, 1.63e-03, 1.16e-03, 2.00e-04, 1.56e-04, 2.47e-04, 7.23e-04]    []  
18000     [1.06e-06, 7.16e-05, 1.56e-07, 9.25e-05, 6.26e-05, 1.62e-03, 2.22e-04, 1.07e-04, 1.67e-02, 2.48e-03, 6.97e-04, 1.14e-02, 6.51e-05, 1.14e-04, 6.02e-05, 1.40e-04, 1.58e-03, 1.10e-03, 5.41e-05, 2.05e-04, 1.41e-03, 8.43e-04, 2.33e-05, 9.24e-05, 2.07e-04, 5.48e-04]    [3.09e-08, 6.92e-05, 8.01e-08, 9.25e-05, 6.26e-05, 1.62e-03, 2.22e-04, 1.07e-04, 1.67e-02, 2.48e-03, 6.97e-04, 1.14e-02, 6.51e-05, 1.14e-04, 6.02e-05, 1.40e-04, 1.58e-03, 1.10e-03, 5.41e-05, 2.05e-04, 1.41e-03, 8.43e-04, 2.33e-05, 9.24e-05, 2.07e-04, 5.48e-04]    []  
19000     [1.05e-06, 6.69e-05, 1.51e-07, 1.09e-04, 5.86e-05, 1.46e-03, 2.06e-04, 6.88e-05, 1.62e-02, 1.88e-03, 7.98e-04, 1.11e-02, 3.58e-05, 1.19e-04, 1.41e-04, 1.08e-04, 1.51e-03, 9.96e-04, 6.06e-05, 1.85e-04, 1.29e-03, 7.93e-04, 2.44e-05, 7.08e-05, 1.94e-04, 5.23e-04]    [3.15e-08, 6.43e-05, 7.77e-08, 1.09e-04, 5.86e-05, 1.46e-03, 2.06e-04, 6.88e-05, 1.62e-02, 1.88e-03, 7.98e-04, 1.11e-02, 3.58e-05, 1.19e-04, 1.41e-04, 1.08e-04, 1.51e-03, 9.96e-04, 6.06e-05, 1.85e-04, 1.29e-03, 7.93e-04, 2.44e-05, 7.08e-05, 1.94e-04, 5.23e-04]    []  
20000     [1.02e-06, 6.37e-05, 1.50e-07, 1.42e-04, 7.41e-05, 1.32e-03, 2.02e-04, 6.82e-05, 1.58e-02, 1.82e-03, 7.34e-04, 1.09e-02, 6.13e-05, 1.49e-04, 2.22e-04, 1.01e-04, 1.49e-03, 9.45e-04, 2.27e-04, 2.20e-04, 1.23e-03, 8.13e-04, 3.74e-05, 7.16e-05, 1.97e-04, 5.34e-04]    [3.22e-08, 6.01e-05, 7.76e-08, 1.42e-04, 7.41e-05, 1.32e-03, 2.02e-04, 6.82e-05, 1.58e-02, 1.82e-03, 7.34e-04, 1.09e-02, 6.13e-05, 1.49e-04, 2.22e-04, 1.01e-04, 1.49e-03, 9.45e-04, 2.27e-04, 2.20e-04, 1.23e-03, 8.13e-04, 3.74e-05, 7.16e-05, 1.97e-04, 5.34e-04]    []  
21000     [1.05e-06, 5.94e-05, 1.49e-07, 8.95e-03, 3.47e-04, 1.35e-03, 8.28e-04, 1.70e-04, 1.60e-02, 2.53e-03, 1.24e-03, 1.09e-02, 3.39e-04, 2.29e-04, 1.97e-02, 1.32e-03, 2.48e-03, 2.68e-03, 1.53e-02, 1.88e-04, 1.17e-03, 1.29e-03, 2.54e-04, 7.76e-05, 1.94e-04, 5.87e-04]    [3.36e-08, 5.55e-05, 7.98e-08, 8.95e-03, 3.47e-04, 1.35e-03, 8.28e-04, 1.70e-04, 1.60e-02, 2.53e-03, 1.24e-03, 1.09e-02, 3.39e-04, 2.29e-04, 1.97e-02, 1.32e-03, 2.48e-03, 2.68e-03, 1.53e-02, 1.88e-04, 1.17e-03, 1.29e-03, 2.54e-04, 7.76e-05, 1.94e-04, 5.87e-04]    []  
22000     [1.03e-06, 5.69e-05, 1.58e-07, 2.98e-04, 1.30e-04, 1.09e-03, 2.28e-04, 5.13e-05, 1.49e-02, 1.39e-03, 8.72e-04, 1.04e-02, 5.53e-05, 2.13e-04, 5.16e-04, 8.66e-05, 1.43e-03, 8.08e-04, 4.27e-04, 1.76e-04, 1.04e-03, 7.57e-04, 3.41e-05, 4.49e-05, 1.94e-04, 4.77e-04]    [3.48e-08, 5.36e-05, 8.37e-08, 2.98e-04, 1.30e-04, 1.09e-03, 2.28e-04, 5.13e-05, 1.49e-02, 1.39e-03, 8.72e-04, 1.04e-02, 5.53e-05, 2.13e-04, 5.16e-04, 8.66e-05, 1.43e-03, 8.08e-04, 4.27e-04, 1.76e-04, 1.04e-03, 7.57e-04, 3.41e-05, 4.49e-05, 1.94e-04, 4.77e-04]    []  
23000     [1.02e-06, 5.68e-05, 1.69e-07, 8.53e-05, 1.30e-04, 8.95e-04, 1.83e-04, 4.49e-05, 1.41e-02, 1.14e-03, 7.65e-04, 1.01e-02, 2.72e-05, 1.30e-04, 1.71e-04, 7.63e-05, 1.37e-03, 7.37e-04, 7.36e-06, 1.51e-04, 9.27e-04, 6.96e-04, 2.89e-05, 4.22e-05, 2.00e-04, 4.53e-04]    [3.65e-08, 5.22e-05, 9.16e-08, 8.53e-05, 1.30e-04, 8.95e-04, 1.83e-04, 4.49e-05, 1.41e-02, 1.14e-03, 7.65e-04, 1.01e-02, 2.72e-05, 1.30e-04, 1.71e-04, 7.63e-05, 1.37e-03, 7.37e-04, 7.36e-06, 1.51e-04, 9.27e-04, 6.96e-04, 2.89e-05, 4.22e-05, 2.00e-04, 4.53e-04]    []  
24000     [1.02e-06, 6.09e-05, 1.89e-07, 1.74e-03, 1.80e-04, 8.06e-04, 2.60e-04, 3.76e-05, 1.31e-02, 1.10e-03, 7.37e-04, 9.89e-03, 1.81e-04, 3.07e-04, 3.69e-03, 8.96e-05, 1.33e-03, 8.66e-04, 3.72e-03, 2.84e-04, 8.87e-04, 9.26e-04, 9.62e-05, 7.23e-05, 2.27e-04, 5.26e-04]    [3.88e-08, 5.29e-05, 1.03e-07, 1.74e-03, 1.80e-04, 8.06e-04, 2.60e-04, 3.76e-05, 1.31e-02, 1.10e-03, 7.37e-04, 9.89e-03, 1.81e-04, 3.07e-04, 3.69e-03, 8.96e-05, 1.33e-03, 8.66e-04, 3.72e-03, 2.84e-04, 8.87e-04, 9.26e-04, 9.62e-05, 7.23e-05, 2.27e-04, 5.26e-04]    []  
25000     [1.08e-06, 6.99e-05, 2.19e-07, 5.71e-04, 1.23e-03, 1.92e-03, 1.04e-03, 2.61e-04, 1.43e-02, 4.56e-03, 2.17e-03, 1.18e-02, 1.98e-03, 2.01e-03, 3.48e-04, 4.64e-04, 2.02e-03, 1.04e-03, 3.32e-04, 2.27e-04, 9.55e-04, 6.84e-04, 6.49e-05, 7.41e-04, 6.41e-04, 9.23e-04]    [4.27e-08, 5.49e-05, 1.19e-07, 5.71e-04, 1.23e-03, 1.92e-03, 1.04e-03, 2.61e-04, 1.43e-02, 4.56e-03, 2.17e-03, 1.18e-02, 1.98e-03, 2.01e-03, 3.48e-04, 4.64e-04, 2.02e-03, 1.04e-03, 3.32e-04, 2.27e-04, 9.55e-04, 6.84e-04, 6.49e-05, 7.41e-04, 6.41e-04, 9.23e-04]    []  
26000     [1.06e-06, 9.16e-05, 2.48e-07, 2.71e-03, 3.45e-04, 5.47e-04, 3.77e-04, 3.85e-05, 1.08e-02, 9.82e-04, 7.33e-04, 9.73e-03, 8.98e-04, 3.52e-04, 5.67e-03, 1.03e-04, 1.22e-03, 9.30e-04, 5.84e-03, 2.91e-04, 7.32e-04, 1.16e-03, 9.07e-05, 1.56e-04, 2.51e-04, 4.61e-04]    [4.53e-08, 5.93e-05, 1.38e-07, 2.71e-03, 3.45e-04, 5.47e-04, 3.77e-04, 3.85e-05, 1.08e-02, 9.82e-04, 7.33e-04, 9.73e-03, 8.98e-04, 3.52e-04, 5.67e-03, 1.03e-04, 1.22e-03, 9.30e-04, 5.84e-03, 2.91e-04, 7.32e-04, 1.16e-03, 9.07e-05, 1.56e-04, 2.51e-04, 4.61e-04]    []  
27000     [1.07e-06, 1.15e-04, 2.93e-07, 3.34e-03, 6.17e-04, 7.31e-04, 5.97e-04, 1.76e-05, 8.71e-03, 6.56e-04, 6.32e-04, 9.33e-03, 1.46e-03, 1.28e-03, 6.98e-03, 2.32e-04, 1.17e-03, 1.09e-03, 5.13e-03, 1.77e-04, 5.04e-04, 8.40e-04, 1.55e-05, 1.99e-04, 3.18e-04, 4.93e-04]    [4.84e-08, 6.58e-05, 1.56e-07, 3.34e-03, 6.17e-04, 7.31e-04, 5.97e-04, 1.76e-05, 8.71e-03, 6.56e-04, 6.32e-04, 9.33e-03, 1.46e-03, 1.28e-03, 6.98e-03, 2.32e-04, 1.17e-03, 1.09e-03, 5.13e-03, 1.77e-04, 5.04e-04, 8.40e-04, 1.55e-05, 1.99e-04, 3.18e-04, 4.93e-04]    []  
28000     [1.07e-06, 1.49e-04, 3.23e-07, 6.30e-04, 4.15e-04, 2.67e-04, 1.63e-04, 1.42e-05, 6.95e-03, 4.06e-04, 5.81e-04, 7.50e-03, 1.22e-04, 2.30e-04, 1.51e-03, 1.08e-04, 1.05e-03, 7.59e-04, 1.35e-03, 1.85e-04, 4.27e-04, 7.45e-04, 3.70e-05, 1.83e-04, 2.88e-04, 4.20e-04]    [5.16e-08, 7.69e-05, 1.74e-07, 6.30e-04, 4.15e-04, 2.67e-04, 1.63e-04, 1.42e-05, 6.95e-03, 4.06e-04, 5.81e-04, 7.50e-03, 1.22e-04, 2.30e-04, 1.51e-03, 1.08e-04, 1.05e-03, 7.59e-04, 1.35e-03, 1.85e-04, 4.27e-04, 7.45e-04, 3.70e-05, 1.83e-04, 2.88e-04, 4.20e-04]    []  
29000     [1.08e-06, 1.76e-04, 3.50e-07, 3.03e-04, 4.82e-04, 1.92e-04, 1.31e-04, 1.25e-05, 4.90e-03, 2.96e-04, 5.77e-04, 6.16e-03, 2.10e-04, 2.75e-04, 6.01e-04, 1.24e-04, 9.40e-04, 7.06e-04, 5.86e-04, 1.94e-04, 3.68e-04, 6.81e-04, 4.31e-05, 1.79e-04, 2.82e-04, 4.35e-04]    [5.43e-08, 9.01e-05, 1.89e-07, 3.03e-04, 4.82e-04, 1.92e-04, 1.31e-04, 1.25e-05, 4.90e-03, 2.96e-04, 5.77e-04, 6.16e-03, 2.10e-04, 2.75e-04, 6.01e-04, 1.24e-04, 9.40e-04, 7.06e-04, 5.86e-04, 1.94e-04, 3.68e-04, 6.81e-04, 4.31e-05, 1.79e-04, 2.82e-04, 4.35e-04]    []  
30000     [1.08e-06, 1.91e-04, 3.60e-07, 3.71e-05, 4.69e-04, 1.49e-04, 1.47e-04, 2.61e-05, 3.68e-03, 3.64e-04, 5.03e-04, 4.70e-03, 3.45e-04, 7.69e-04, 8.80e-05, 2.31e-04, 9.67e-04, 7.75e-04, 3.74e-05, 2.50e-04, 3.66e-04, 6.23e-04, 5.81e-05, 2.00e-04, 2.51e-04, 4.43e-04]    [5.64e-08, 1.02e-04, 1.96e-07, 3.71e-05, 4.69e-04, 1.49e-04, 1.47e-04, 2.61e-05, 3.68e-03, 3.64e-04, 5.03e-04, 4.70e-03, 3.45e-04, 7.69e-04, 8.80e-05, 2.31e-04, 9.67e-04, 7.75e-04, 3.74e-05, 2.50e-04, 3.66e-04, 6.23e-04, 5.81e-05, 2.00e-04, 2.51e-04, 4.43e-04]    []  

Best model at step 30000:
  train loss: 1.57e-02
  test loss: 1.56e-02
  test metric: []

Epoch 30000: saving model to ../runs/2_6_30000_30_100.0___800_2_64_4.0_0.5/0.001_4_20_tanh.ckpt-30000.ckpt ...

'train' took 508.226738 s

Saving loss history to ../runs/2_6_30000_30_100.0___800_2_64_4.0_0.5/loss.dat ...
Saving training data to ../runs/2_6_30000_30_100.0___800_2_64_4.0_0.5/train.dat ...
Saving test data to ../runs/2_6_30000_30_100.0___800_2_64_4.0_0.5/test.dat ...
